id,eventId,typeId,periodId,timeMin,timeSec,contestantId,outcome,x,y,timeStamp,lastModified,qualifier/0/id,qualifier/0/qualifierId,qualifier/0/value,qualifier/1/id,qualifier/1/qualifierId,qualifier/1/value,qualifier/2/id,qualifier/2/qualifierId,qualifier/2/value,qualifier/3/id,qualifier/3/qualifierId,qualifier/3/value,qualifier/4/id,qualifier/4/qualifierId,qualifier/4/value,qualifier/5/id,qualifier/5/qualifierId,qualifier/5/value,qualifier/6/id,qualifier/6/qualifierId,qualifier/6/value,qualifier/7/id,qualifier/7/qualifierId,qualifier/7/value,playerId,playerName,keyPass,qualifier/8/id,qualifier/8/qualifierId,qualifier/8/value,qualifier/9/id,qualifier/9/qualifierId,qualifier/10/id,qualifier/10/qualifierId,qualifier/10/value,qualifier/11/id,qualifier/11/qualifierId,qualifier/11/value,qualifier/12/id,qualifier/12/qualifierId,qualifier/13/id,qualifier/13/qualifierId,qualifier/13/value,qualifier/14/id,qualifier/14/qualifierId,qualifier/15/id,qualifier/15/qualifierId,qualifier/15/value,qualifier/9/value,qualifier/12/value,qualifier/14/value,qualifier/16/id,qualifier/16/qualifierId,qualifier/16/value,qualifier/17/id,qualifier/17/qualifierId,qualifier/17/value,qualifier/18/id,qualifier/18/qualifierId,qualifier/18/value
2499045713,1,34,16,0,0,v046no35g7ebk8lytdjmfb43,1,0,0,2023-01-21T07:54:04.423Z,2023-01-21T09:03:56Z,3986731189,30,"cb0y1hi0ozn1rx00vx6a1xr6x, 4gn22fnshsmgxyayuj2p77v85, bhl2kwvi52osrdsdnbtw45lyi, 3zl5ec82f8zebkxkfdz16e3th, 7mgwfxva7w88k90jhjd1wx3o5, ez47kkcz2wgypddldq97yz2dx, 6jri9zzc1ccwcof95srv8h4pg, dhnssdf1iuorniavvla5zbwx6, 4s2umn33b5fo5zcpkwjcbry7d, uyhh5u2ezau9f095symdh3sa, abfwfqsv8o9xsnkor896869cl, 26vm9o1w3l4behscs3hk4d8x6, xvni3gfad40ylfjdnomcrn8q, cl816ciqmvh4bjzm9vjq4wyga, 1hcnrw2udxcdff6bre73sv1pm, c0p9hlssgk28sutlee99c24t1, da3z6nhhqd45932cy3qi2kout, 5h2xmb0gkhtlaeo6p5e3ejo4",3986731193,59,"23, 19, 3, 5, 2, 6, 35, 27, 28, 17, 26, 1, 4, 7, 13, 16, 21, 99",3986731197,131,"1, 2, 3, 4, 5, 6, 7, 8, 9, 10, 11, 0, 0, 0, 0, 0, 0, 0",3986731201,227,"0, 0, 0, 0, 0, 0, 0, 0, 0, 0, 0, 0, 0, 0, 0, 0, 0, 0",3986735081,197,879,3986731199,194,3zl5ec82f8zebkxkfdz16e3th,3986731195,130,19,3986731191,44,"1, 3, 3, 2, 2, 2, 3, 3, 4, 4, 3, 5, 5, 5, 5, 5, 5, 5",,,,,,,,,,,,,,,,,,,,,,,,,,,,,,,,,,,,
2499045863,1,34,16,0,0,c33jm806py6adse5wv9wx6ch1,1,0,0,2023-01-21T08:01:35.010Z,2023-01-21T08:50:16Z,3986731689,30,"77gcx1qotysu9hbi2hw2gjsvd, cqoz8o1pse9uspkqvq3cmges5, 8wbljx8706rh6uyhf8eegl1w5, bcytv86dp6kqrsosu6gck9q7d, bdo2grdx1mgm63gii3zar50id, dnpala3bol8svyc2awng6iv9x, c00r3yls3lf245nbo93m9d6cq, 7q8urr40blud747zzb3io8w5x, 31v9w4cyk1fxlig452kuc65ed, 446scvw0ckoxnvnsqcqocve1h, 7cdvlgpi8g3e8ttspzvr1k251, ze75933qynqbr4gupkz6xzo5, 5he6zl0hg2jxsb2m624xlum6t, af7c4t8wp0341io4x0dl02ac5, 7nhzkoa6bywrlkj9nc3f5ylii, aeberiw2itt147h2mpjvd5rai, 5wivkupbnot9s6z48c31an42y, chx78g4kh1xfr7wp84etip016",3986731693,59,"1, 2, 3, 13, 6, 22, 23, 8, 9, 14, 7, 4, 10, 15, 16, 25, 33, 35",3986731697,131,"1, 2, 3, 4, 5, 6, 7, 8, 9, 10, 11, 0, 0, 0, 0, 0, 0, 0",3986731701,227,"0, 0, 0, 0, 0, 0, 0, 0, 0, 0, 0, 0, 0, 0, 0, 0, 0, 0",3986731699,194,8wbljx8706rh6uyhf8eegl1w5,3986731695,130,7,3986735153,197,886,3986731691,44,"1, 2, 2, 3, 2, 2, 3, 3, 4, 3, 3, 5, 5, 5, 5, 5, 5, 5",,,,,,,,,,,,,,,,,,,,,,,,,,,,,,,,,,,,
2499046805,2,32,1,0,0,v046no35g7ebk8lytdjmfb43,1,0,0,2023-01-21T08:46:35.049Z,2023-01-21T14:57:55Z,3986735651,127,Left to Right,,,,,,,,,,,,,,,,,,,,,,,,,,,,,,,,,,,,,,,,,,,,,,,,,,,,,,,,,
2499046803,2,32,1,0,0,c33jm806py6adse5wv9wx6ch1,1,0,0,2023-01-21T08:46:35.049Z,2023-01-21T08:46:35Z,3986735649,127,Right to Left,,,,,,,,,,,,,,,,,,,,,,,,,,,,,,,,,,,,,,,,,,,,,,,,,,,,,,,,,
2499046807,3,1,1,0,0,c33jm806py6adse5wv9wx6ch1,1,49.9,50,2023-01-21T08:46:35.149Z,2023-01-21T08:46:40Z,3986735657,56,Back,3986735667,279,S,3986735663,212,14.1,3986735659,140,36.6,3986735661,141,47.5,3986735665,213,3.3,,,,,,,31v9w4cyk1fxlig452kuc65ed,J. Maclaren,,,,,,,,,,,,,,,,,,,,,,,,,,,,,,,,,,
2499046809,4,1,1,0,2,c33jm806py6adse5wv9wx6ch1,1,43.4,60,2023-01-21T08:46:37.453Z,2023-01-21T15:05:28Z,3986735677,56,Back,3986735683,212,8.9,3986735681,141,48.0,3986735679,140,40.0,3986735685,213,4.3,,,,,,,,,,446scvw0ckoxnvnsqcqocve1h,V. Berisha,,,,,,,,,,,,,,,,,,,,,,,,,,,,,,,,,,
2499047465,107,1,1,0,3,c33jm806py6adse5wv9wx6ch1,1,38.3,49.1,2023-01-21T08:46:38.323Z,2023-01-21T08:55:44Z,3986738313,141,56.6,3986738317,213,0.9,3986738309,56,Back,3986738315,212,6.6,3986738311,140,42.3,,,,,,,,,,bcytv86dp6kqrsosu6gck9q7d,A. O'Neill,,,,,,,,,,,,,,,,,,,,,,,,,,,,,,,,,,
2499047475,108,1,1,0,4,c33jm806py6adse5wv9wx6ch1,1,41.6,57.9,2023-01-21T08:46:39.675Z,2023-01-21T14:58:58Z,3986738349,212,12.3,3986738347,141,41.9,3986738343,56,Back,3986738351,213,4.2,3986738345,140,36.1,,,,,,,,,,446scvw0ckoxnvnsqcqocve1h,V. Berisha,,,,,,,,,,,,,,,,,,,,,,,,,,,,,,,,,,
2499047481,109,1,1,0,6,c33jm806py6adse5wv9wx6ch1,1,37.1,47.2,2023-01-21T08:46:41.739Z,2023-01-21T08:55:57Z,3986738369,141,68.7,3986738373,213,2.0,3986738365,56,Back,3986738367,140,30.4,3986738371,212,16.2,,,,,,,,,,bcytv86dp6kqrsosu6gck9q7d,A. O'Neill,,,,,,,,,,,,,,,,,,,,,,,,,,,,,,,,,,
2499046811,5,1,1,0,9,c33jm806py6adse5wv9wx6ch1,1,26.8,69.3,2023-01-21T08:46:44.117Z,2023-01-21T08:56:01Z,3986735691,140,33.2,3986735695,212,16.9,3986735697,213,1.2,3986735693,141,92.1,3986735689,56,Back,,,,,,,,,,dnpala3bol8svyc2awng6iv9x,C. Good,,,,,,,,,,,,,,,,,,,,,,,,,,,,,,,,,,
2499046813,6,1,1,0,9,c33jm806py6adse5wv9wx6ch1,1,33.2,92.1,2023-01-21T08:46:44.869Z,2023-01-21T08:46:46Z,3986735709,213,4.2,3986735707,212,13.7,3986735703,140,26.6,3986735701,56,Back,3986735705,141,74.8,,,,,,,,,,8wbljx8706rh6uyhf8eegl1w5,S. Jamieson,,,,,,,,,,,,,,,,,,,,,,,,,,,,,,,,,,
2499046817,7,1,1,0,11,c33jm806py6adse5wv9wx6ch1,1,26.6,74.8,2023-01-21T08:46:46.229Z,2023-01-21T08:56:07Z,3986735725,213,1.1,3986735717,56,Back,3986735721,141,96.0,3986735719,140,33.8,3986735723,212,16.3,,,,,,,,,,dnpala3bol8svyc2awng6iv9x,C. Good,,,,,,,,,,,,,,,,,,,,,,,,,,,,,,,,,,
2499046821,8,1,1,0,12,c33jm806py6adse5wv9wx6ch1,1,35,93.2,2023-01-21T08:46:47.685Z,2023-01-21T08:46:50Z,3986735743,1,,3986735739,212,33.0,3986735737,141,69.7,3986735733,56,Back,3986735735,140,7.5,3986735741,213,3.6,,,,,,,8wbljx8706rh6uyhf8eegl1w5,S. Jamieson,,,,,,,,,,,,,,,,,,,,,,,,,,,,,,,,,,
2499046827,9,1,1,0,15,c33jm806py6adse5wv9wx6ch1,0,7.5,69.7,2023-01-21T08:46:50.854Z,2023-01-21T08:46:54Z,3986735757,56,Left,3986735767,1,,3986735763,212,53.3,3986735759,140,57.8,3986735761,141,80.0,3986735755,157,,3986735765,213,0.1,,,,77gcx1qotysu9hbi2hw2gjsvd,T. Glover,,,,,,,,,,,,,,,,,,,,,,,,,,,,,,,,,,
2499046829,3,1,1,0,19,v046no35g7ebk8lytdjmfb43,0,44.1,24.7,2023-01-21T08:46:54.193Z,2023-01-21T08:46:55Z,3986735773,56,Center,3986735777,141,30.1,3986735779,212,20.7,3986735775,140,63.5,3986735771,3,,3986735781,213,0.2,,,,,,,7mgwfxva7w88k90jhjd1wx3o5,S. Neville,,,,,,,,,,,,,,,,,,,,,,,,,,,,,,,,,,
2499046833,10,1,1,0,20,c33jm806py6adse5wv9wx6ch1,1,35.2,80.5,2023-01-21T08:46:55.701Z,2023-01-21T08:46:57Z,3986735795,212,6.8,3986735787,3,,3986735791,140,41.5,3986735789,56,Back,3986735793,141,82.6,3986735797,213,0.2,,,,,,,8wbljx8706rh6uyhf8eegl1w5,S. Jamieson,,,,,,,,,,,,,,,,,,,,,,,,,,,,,,,,,,
2499046835,11,1,1,0,22,c33jm806py6adse5wv9wx6ch1,0,42.3,83,2023-01-21T08:46:57.462Z,2023-01-21T08:47:54Z,3986735803,3,,3986735807,140,32.3,3986735811,212,10.7,3986735813,213,3.4,3986735805,56,Back,3986735809,141,79.7,,,,,,,446scvw0ckoxnvnsqcqocve1h,V. Berisha,,,,,,,,,,,,,,,,,,,,,,,,,,,,,,,,,,
2499046839,4,49,1,0,24,v046no35g7ebk8lytdjmfb43,1,70.8,17.9,2023-01-21T08:46:59.281Z,2023-01-21T08:46:59Z,,,,,,,,,,,,,,,,,,,,,,,,,4s2umn33b5fo5zcpkwjcbry7d,J. Knowles,,,,,,,,,,,,,,,,,,,,,,,,,,,,,,,,,,
2499046843,5,1,1,0,26,v046no35g7ebk8lytdjmfb43,1,88.1,21.8,2023-01-21T08:47:01.249Z,2023-01-21T15:06:29Z,3986735841,141,34.8,3986735845,213,1.8,3986736283,154,,3986736281,210,15,3986735837,56,Center,3986735839,140,86.1,3986735843,212,9.1,,,,4s2umn33b5fo5zcpkwjcbry7d,J. Knowles,1,,,,,,,,,,,,,,,,,,,,,,,,,,,,,,,,,
2499046845,6,15,1,0,27,v046no35g7ebk8lytdjmfb43,1,84.8,32.4,2023-01-21T08:47:02.976Z,2023-01-21T15:06:29Z,3986736291,55,5,3986736289,154,,3986735851,22,,3986736303,147,35.6,3986736307,231,47.7,3986736161,72,,3986736305,230,99.4,3986736287,29,,uyhh5u2ezau9f095symdh3sa,C. Armiento,,3986736295,102,53.5,3986735853,63,3986735855,56,Center,3986736297,103,19,3986736165,82,3986736321,233,12,3987416199,76,3986736301,146,87.1,,,,,,,,,,,,
2499046847,12,10,1,0,28,c33jm806py6adse5wv9wx6ch1,1,13,59.6,2023-01-21T08:47:03.076Z,2023-01-21T08:51:05Z,3986735863,94,,3986736175,233,6,3986735865,56,Back,,,,,,,,,,,,,,,,bdo2grdx1mgm63gii3zar50id,T. Lam,,,,,,,,,,,,,,,,,,,,,,,,,,,,,,,,,,
2499046851,13,49,1,0,35,c33jm806py6adse5wv9wx6ch1,1,12.1,85.1,2023-01-21T08:47:10.661Z,2023-01-21T08:56:43Z,,,,,,,,,,,,,,,,,,,,,,,,,dnpala3bol8svyc2awng6iv9x,C. Good,,,,,,,,,,,,,,,,,,,,,,,,,,,,,,,,,,
2499046853,14,1,1,0,35,c33jm806py6adse5wv9wx6ch1,1,10,82.4,2023-01-21T08:47:10.773Z,2023-01-21T15:06:54Z,3986735873,56,Back,3986735877,141,95.8,3986735875,140,20.9,3986735879,212,14.6,3986735881,213,0.7,,,,,,,,,,dnpala3bol8svyc2awng6iv9x,C. Good,,,,,,,,,,,,,,,,,,,,,,,,,,,,,,,,,,
2499046855,15,1,1,0,36,c33jm806py6adse5wv9wx6ch1,1,32.2,94.1,2023-01-21T08:47:11.941Z,2023-01-21T08:47:13Z,3986735891,212,5.8,3986735887,140,26.9,3986735885,56,Back,3986735893,213,3.4,3986735889,141,91.7,,,,,,,,,,7cdvlgpi8g3e8ttspzvr1k251,M. Leckie,,,,,,,,,,,,,,,,,,,,,,,,,,,,,,,,,,
2499046857,16,1,1,0,38,c33jm806py6adse5wv9wx6ch1,1,26.9,91.7,2023-01-21T08:47:13.269Z,2023-01-21T08:47:13Z,3986735903,212,14.2,3986735899,140,39.3,3986735897,56,Back,3986735901,141,83.3,3986735905,213,5.9,,,,,,,,,,446scvw0ckoxnvnsqcqocve1h,V. Berisha,,,,,,,,,,,,,,,,,,,,,,,,,,,,,,,,,,
2499046863,17,1,1,0,38,c33jm806py6adse5wv9wx6ch1,1,39.3,83.3,2023-01-21T08:47:13.765Z,2023-01-21T08:47:19Z,3986735923,212,10.5,3986735919,140,35.8,3986735921,141,68.8,3986735917,56,Back,3986735925,213,4.4,,,,,,,,,,7cdvlgpi8g3e8ttspzvr1k251,M. Leckie,,,,,,,,,,,,,,,,,,,,,,,,,,,,,,,,,,
2499046865,18,1,1,0,42,c33jm806py6adse5wv9wx6ch1,1,32.2,67.4,2023-01-21T08:47:17.445Z,2023-01-21T15:07:10Z,3986735937,140,37.3,3986735943,213,4.9,3986735939,141,26.8,3986735941,212,28.1,3986735935,56,Back,,,,,,,,,,bcytv86dp6kqrsosu6gck9q7d,A. O'Neill,,,,,,,,,,,,,,,,,,,,,,,,,,,,,,,,,,
2499046873,19,1,1,0,46,c33jm806py6adse5wv9wx6ch1,1,60.3,19.4,2023-01-21T08:47:21.765Z,2023-01-21T08:47:25Z,3986735969,140,63.1,3986735973,212,7.5,3986735967,56,Center,3986735971,141,29.5,3986735975,213,1.2,,,,,,,,,,cqoz8o1pse9uspkqvq3cmges5,S. Galloway,,,,,,,,,,,,,,,,,,,,,,,,,,,,,,,,,,
2499046877,20,1,1,0,50,c33jm806py6adse5wv9wx6ch1,1,62.8,27,2023-01-21T08:47:25.061Z,2023-01-21T08:47:28Z,3986735989,141,4.7,3986735993,213,5.0,3986735985,56,Right,3986735987,140,66.3,3986735991,212,15.6,,,,,,,,,,7q8urr40blud747zzb3io8w5x,R. van der Venne,,,,,,,,,,,,,,,,,,,,,,,,,,,,,,,,,,
2499046881,21,1,1,0,52,c33jm806py6adse5wv9wx6ch1,1,66.3,4.7,2023-01-21T08:47:27.988Z,2023-01-21T08:47:32Z,3986736011,212,9.0,3986736007,140,65.7,3986736009,141,17.9,3986736005,56,Right,3986736013,213,1.6,,,,,,,,,,cqoz8o1pse9uspkqvq3cmges5,S. Galloway,,,,,,,,,,,,,,,,,,,,,,,,,,,,,,,,,,
2499046883,22,1,1,0,57,c33jm806py6adse5wv9wx6ch1,0,77.4,34.8,2023-01-21T08:47:32.133Z,2023-01-21T08:47:38Z,3986736019,140,80.2,3986736023,212,3.4,3986736021,141,37.3,3986736017,56,Center,3986736025,213,0.5,,,,,,,,,,7q8urr40blud747zzb3io8w5x,R. van der Venne,,,,,,,,,,,,,,,,,,,,,,,,,,,,,,,,,,
2499046891,7,8,1,0,59,v046no35g7ebk8lytdjmfb43,1,23.1,63.4,2023-01-21T08:47:34.418Z,2023-01-21T15:07:30Z,3987424015,384,,3986736043,56,Back,,,,,,,,,,,,,,,,,,,6jri9zzc1ccwcof95srv8h4pg,L. Zabala,,,,,,,,,,,,,,,,,,,,,,,,,,,,,,,,,,
2499046893,8,49,1,1,2,v046no35g7ebk8lytdjmfb43,1,10,84.4,2023-01-21T08:47:37.201Z,2023-01-21T15:07:28Z,,,,,,,,,,,,,,,,,,,,,,,,,bhl2kwvi52osrdsdnbtw45lyi,J. Courtney-Perkins,,,,,,,,,,,,,,,,,,,,,,,,,,,,,,,,,,
2499046895,9,1,1,1,2,v046no35g7ebk8lytdjmfb43,0,10,84.4,2023-01-21T08:47:37.553Z,2023-01-21T15:07:34Z,3986736051,140,38.1,3986736055,212,30.3,3987424469,157,,3986736049,56,Back,3987424471,1,,3986736057,213,0.2,3986736053,141,94.4,,,,bhl2kwvi52osrdsdnbtw45lyi,J. Courtney-Perkins,,,,,,,,,,,,,,,,,,,,,,,,,,,,,,,,,,
2499046897,23,49,1,1,4,c33jm806py6adse5wv9wx6ch1,1,57,7,2023-01-21T08:47:39.205Z,2023-01-21T08:47:39Z,,,,,,,,,,,,,,,,,,,,,,,,,cqoz8o1pse9uspkqvq3cmges5,S. Galloway,,,,,,,,,,,,,,,,,,,,,,,,,,,,,,,,,,
2499046903,24,1,1,1,4,c33jm806py6adse5wv9wx6ch1,1,57,7,2023-01-21T08:47:39.349Z,2023-01-21T15:07:39Z,3986736071,140,45.3,3986736075,212,23.2,3986736077,213,2.1,3986736069,56,Back,3986736073,141,36.0,,,,,,,,,,cqoz8o1pse9uspkqvq3cmges5,S. Galloway,,,,,,,,,,,,,,,,,,,,,,,,,,,,,,,,,,
2499046905,25,1,1,1,7,c33jm806py6adse5wv9wx6ch1,1,46.7,41.8,2023-01-21T08:47:42.325Z,2023-01-21T09:35:10Z,3986736089,213,1.5,3986736083,140,47.9,3986736087,212,19.1,3986736085,141,69.9,3986736081,56,Back,,,,,,,,,,dnpala3bol8svyc2awng6iv9x,C. Good,,,,,,,,,,,,,,,,,,,,,,,,,,,,,,,,,,
2499046913,26,1,1,1,9,c33jm806py6adse5wv9wx6ch1,1,47.9,69.9,2023-01-21T08:47:44.373Z,2023-01-21T08:47:47Z,3986736105,56,Center,3986736113,213,0.0,3986736109,141,70.3,3986736107,140,67.8,3986736111,212,20.9,,,,,,,,,,8wbljx8706rh6uyhf8eegl1w5,S. Jamieson,,,,,,,,,,,,,,,,,,,,,,,,,,,,,,,,,,
2499046915,27,61,1,1,12,c33jm806py6adse5wv9wx6ch1,0,67.9,72.6,2023-01-21T08:47:47.510Z,2023-01-21T08:49:30Z,3986736121,56,Center,,,,,,,,,,,,,,,,,,,,,,7cdvlgpi8g3e8ttspzvr1k251,M. Leckie,,,,,,,,,,,,,,,,,,,,,,,,,,,,,,,,,,
2499046917,10,49,1,1,13,v046no35g7ebk8lytdjmfb43,1,37.6,26.8,2023-01-21T08:47:48.336Z,2023-01-21T08:56:53Z,,,,,,,,,,,,,,,,,,,,,,,,,6jri9zzc1ccwcof95srv8h4pg,L. Zabala,,,,,,,,,,,,,,,,,,,,,,,,,,,,,,,,,,
2499046919,11,1,1,1,13,v046no35g7ebk8lytdjmfb43,1,37.6,26.8,2023-01-21T08:47:48.529Z,2023-01-21T08:56:56Z,3986736131,141,16.7,3986736129,140,42.4,3986736135,213,5.3,3986736127,56,Back,3986736133,212,8.5,,,,,,,,,,6jri9zzc1ccwcof95srv8h4pg,L. Zabala,,,,,,,,,,,,,,,,,,,,,,,,,,,,,,,,,,
2499046921,12,1,1,1,14,v046no35g7ebk8lytdjmfb43,1,43.4,16.5,2023-01-21T08:47:49.521Z,2023-01-21T08:47:50Z,3986736141,56,Center,3986736145,141,29.7,3986736149,213,0.7,3986736147,212,14.1,3986736143,140,53.7,,,,,,,,,,4gn22fnshsmgxyayuj2p77v85,J. Hingert,,,,,,,,,,,,,,,,,,,,,,,,,,,,,,,,,,
2499046927,13,1,1,1,15,v046no35g7ebk8lytdjmfb43,1,53.7,29.7,2023-01-21T08:47:50.497Z,2023-01-21T08:47:53Z,3986736183,141,12.2,3986736187,213,4.1,3986736185,212,14.7,3986736181,140,45.5,3986736179,56,Back,,,,,,,,,,4s2umn33b5fo5zcpkwjcbry7d,J. Knowles,,,,,,,,,,,,,,,,,,,,,,,,,,,,,,,,,,
2499046931,14,1,1,1,18,v046no35g7ebk8lytdjmfb43,0,46.6,12.3,2023-01-21T08:47:53.506Z,2023-01-21T08:47:55Z,3986736195,155,,3986736203,212,26.0,3986736199,140,69.2,3986736205,213,0.4,3986736197,56,Center,3986736201,141,27.9,,,,,,,4gn22fnshsmgxyayuj2p77v85,J. Hingert,,,,,,,,,,,,,,,,,,,,,,,,,,,,,,,,,,
2499046933,28,49,1,1,20,c33jm806py6adse5wv9wx6ch1,1,27.5,77.2,2023-01-21T08:47:55.893Z,2023-01-21T08:47:56Z,,,,,,,,,,,,,,,,,,,,,,,,,dnpala3bol8svyc2awng6iv9x,C. Good,,,,,,,,,,,,,,,,,,,,,,,,,,,,,,,,,,
2499046935,29,1,1,1,20,c33jm806py6adse5wv9wx6ch1,1,27.5,77.2,2023-01-21T08:47:56.038Z,2023-01-21T08:47:56Z,3986736209,140,36.3,3986736213,212,9.3,3986736211,141,78.8,3986736207,56,Back,3986736215,213,0.1,,,,,,,,,,dnpala3bol8svyc2awng6iv9x,C. Good,,,,,,,,,,,,,,,,,,,,,,,,,,,,,,,,,,
2499046939,30,1,1,1,21,c33jm806py6adse5wv9wx6ch1,1,33.8,76.1,2023-01-21T08:47:56.628Z,2023-01-21T15:08:02Z,3986736227,141,34.0,3986736223,56,Back,3986736229,212,28.8,3986736225,140,30.9,3986736231,213,4.6,,,,,,,,,,8wbljx8706rh6uyhf8eegl1w5,S. Jamieson,,,,,,,,,,,,,,,,,,,,,,,,,,,,,,,,,,
2499046945,31,1,1,1,27,c33jm806py6adse5wv9wx6ch1,1,34.7,22.8,2023-01-21T08:48:02.069Z,2023-01-21T08:48:05Z,3986736255,212,24.4,3986736251,140,54.3,3986736249,56,Right,3986736253,141,3.4,3986736257,213,5.7,,,,,,,,,,cqoz8o1pse9uspkqvq3cmges5,S. Galloway,,,,,,,,,,,,,,,,,,,,,,,,,,,,,,,,,,
2499046949,32,1,1,1,30,c33jm806py6adse5wv9wx6ch1,1,56.3,15.2,2023-01-21T08:48:05.765Z,2023-01-21T08:48:07Z,3986736269,141,20.0,3986736265,56,Back,3986736273,213,2.8,3986736271,212,10.7,3986736267,140,46.6,,,,,,,,,,c00r3yls3lf245nbo93m9d6cq,M. Tilio,,,,,,,,,,,,,,,,,,,,,,,,,,,,,,,,,,
2499046953,33,1,1,1,32,c33jm806py6adse5wv9wx6ch1,1,46.8,20.9,2023-01-21T08:48:07.749Z,2023-01-21T08:48:11Z,3986736313,141,5.2,3986736309,56,Right,3986736317,213,5.9,3986736315,212,30.1,3986736311,140,73.6,,,,,,,,,,bcytv86dp6kqrsosu6gck9q7d,A. O'Neill,,,,,,,,,,,,,,,,,,,,,,,,,,,,,,,,,,
2499046955,34,1,1,1,36,c33jm806py6adse5wv9wx6ch1,0,73.6,5.2,2023-01-21T08:48:11.669Z,2023-01-21T08:48:17Z,3986736329,141,10.9,3986736331,212,10.0,3986736325,56,Right,3986736327,140,82.4,3986736333,213,0.4,,,,,,,,,,cqoz8o1pse9uspkqvq3cmges5,S. Galloway,,,,,,,,,,,,,,,,,,,,,,,,,,,,,,,,,,
2499046957,15,49,1,1,38,v046no35g7ebk8lytdjmfb43,1,22.9,92.3,2023-01-21T08:48:13.344Z,2023-01-21T09:46:05Z,,,,,,,,,,,,,,,,,,,,,,,,,ez47kkcz2wgypddldq97yz2dx,C. Chapman,,,,,,,,,,,,,,,,,,,,,,,,,,,,,,,,,,
2499046959,16,1,1,1,40,v046no35g7ebk8lytdjmfb43,0,23.5,94.4,2023-01-21T08:48:15.521Z,2023-01-21T09:46:07Z,3986736345,213,6.3,3986736341,141,94.1,3986736335,155,,3986736337,56,Left,3986736339,140,59.0,3986736343,212,37.3,3986736347,1,,,,,ez47kkcz2wgypddldq97yz2dx,C. Chapman,,,,,,,,,,,,,,,,,,,,,,,,,,,,,,,,,,
2499046961,35,49,1,1,43,c33jm806py6adse5wv9wx6ch1,1,42.8,5.6,2023-01-21T08:48:18.245Z,2023-01-21T08:48:18Z,,,,,,,,,,,,,,,,,,,,,,,,,bdo2grdx1mgm63gii3zar50id,T. Lam,,,,,,,,,,,,,,,,,,,,,,,,,,,,,,,,,,
2499046963,36,1,1,1,43,c33jm806py6adse5wv9wx6ch1,0,42.8,5.6,2023-01-21T08:48:18.373Z,2023-01-21T08:48:19Z,3986736353,141,6.2,3986736357,213,0.1,3986736355,212,5.6,3986736351,140,48.1,3986736349,56,Back,,,,,,,,,,bdo2grdx1mgm63gii3zar50id,T. Lam,,,,,,,,,,,,,,,,,,,,,,,,,,,,,,,,,,
2499179417,752,49,1,1,44,v046no35g7ebk8lytdjmfb43,1,53.4,93.6,2023-01-21T08:48:19.509Z,2023-01-21T15:08:30Z,,,,,,,,,,,,,,,,,,,,,,,,,abfwfqsv8o9xsnkor896869cl,J. O'Shea,,,,,,,,,,,,,,,,,,,,,,,,,,,,,,,,,,
2499046967,17,3,1,1,44,v046no35g7ebk8lytdjmfb43,0,53.7,91.6,2023-01-21T08:48:20.035Z,2023-01-21T15:08:35Z,3986736365,286,,3986736363,56,Left,3986736371,233,37,3987432703,464,,,,,,,,,,,,,,abfwfqsv8o9xsnkor896869cl,J. O'Shea,,,,,,,,,,,,,,,,,,,,,,,,,,,,,,,,,,
2499046965,37,7,1,1,44,c33jm806py6adse5wv9wx6ch1,0,46.3,8.4,2023-01-21T08:48:20.036Z,2023-01-21T15:08:37Z,3987432919,385,,3986736359,56,Back,3986736361,285,,3986736367,233,17,,,,,,,,,,,,,bcytv86dp6kqrsosu6gck9q7d,A. O'Neill,,,,,,,,,,,,,,,,,,,,,,,,,,,,,,,,,,
2499046971,18,50,1,1,47,v046no35g7ebk8lytdjmfb43,1,60.6,97.6,2023-01-21T08:48:22.741Z,2023-01-21T08:53:30Z,3986736379,56,Left,3986736381,286,,3986737861,233,83,,,,,,,,,,,,,,,,uyhh5u2ezau9f095symdh3sa,C. Armiento,,,,,,,,,,,,,,,,,,,,,,,,,,,,,,,,,,
2499047301,83,7,1,1,47,c33jm806py6adse5wv9wx6ch1,0,39.4,2.4,2023-01-21T08:48:22.742Z,2023-01-21T15:08:43Z,3987433713,385,,3986737855,285,,3986737857,233,18,3986737853,56,Back,,,,,,,,,,,,,bdo2grdx1mgm63gii3zar50id,T. Lam,,,,,,,,,,,,,,,,,,,,,,,,,,,,,,,,,,
2499046985,20,61,1,1,49,v046no35g7ebk8lytdjmfb43,0,59.6,96.8,2023-01-21T08:48:24.290Z,2023-01-21T08:53:36Z,3986736457,56,Left,,,,,,,,,,,,,,,,,,,,,,uyhh5u2ezau9f095symdh3sa,C. Armiento,,,,,,,,,,,,,,,,,,,,,,,,,,,,,,,,,,
2499046973,38,43,1,1,50,c33jm806py6adse5wv9wx6ch1,1,0,0,2023-01-21T08:48:25.317Z,2023-01-21T08:48:59Z,3986736389,233,18,3986736383,167,0,3986736387,285,0,3986736385,56,Back,3986736591,144,7,,,,,,,,,,bdo2grdx1mgm63gii3zar50id,T. Lam,,,,,,,,,,,,,,,,,,,,,,,,,,,,,,,,,,
2499046979,19,5,1,1,50,v046no35g7ebk8lytdjmfb43,0,58.7,101.4,2023-01-21T08:48:25.528Z,2023-01-21T08:53:38Z,3986736555,233,39,3986736423,347,,3986736421,56,Left,,,,,,,,,,,,,,,,uyhh5u2ezau9f095symdh3sa,C. Armiento,,,,,,,,,,,,,,,,,,,,,,,,,,,,,,,,,,
2499046975,39,5,1,1,50,c33jm806py6adse5wv9wx6ch1,1,41.3,-1.4,2023-01-21T08:48:25.528Z,2023-01-21T09:04:41Z,3986736399,347,,3986736551,233,19,3986736397,56,Back,,,,,,,,,,,,,,,,bdo2grdx1mgm63gii3zar50id,T. Lam,,,,,,,,,,,,,,,,,,,,,,,,,,,,,,,,,,
2499046981,40,1,1,1,53,c33jm806py6adse5wv9wx6ch1,1,47.2,0,2023-01-21T08:48:28.365Z,2023-01-21T09:36:21Z,3986736433,140,37.2,3986736437,212,13.7,3986736471,107,,3986736439,213,2.4,3986738051,189,,3986736435,141,11.6,3986736431,56,Back,,,,cqoz8o1pse9uspkqvq3cmges5,S. Galloway,,,,,,,,,,,,,,,,,,,,,,,,,,,,,,,,,,
2499047403,104,1,1,1,55,c33jm806py6adse5wv9wx6ch1,1,37,6.6,2023-01-21T08:48:30.732Z,2023-01-21T09:36:19Z,3986738203,56,Back,3986738211,213,1.2,3986738207,141,19.8,3986738205,140,40.2,3986738209,212,9.6,,,,,,,,,,bdo2grdx1mgm63gii3zar50id,T. Lam,,,,,,,,,,,,,,,,,,,,,,,,,,,,,,,,,,
2499046983,41,1,1,1,57,c33jm806py6adse5wv9wx6ch1,1,39.9,12,2023-01-21T08:48:32.661Z,2023-01-21T08:57:00Z,3986736449,141,9.1,3986736453,213,3.3,3986736447,140,29.1,3986736445,56,Back,3986736451,212,11.5,,,,,,,,,,bcytv86dp6kqrsosu6gck9q7d,A. O'Neill,,,,,,,,,,,,,,,,,,,,,,,,,,,,,,,,,,
2499046987,42,1,1,2,0,c33jm806py6adse5wv9wx6ch1,1,29.1,9.1,2023-01-21T08:48:35.780Z,2023-01-21T08:48:38Z,3986736465,212,26.5,3986736461,140,21.5,3986736459,56,Back,3986736463,141,46.3,3986736467,213,1.9,,,,,,,,,,bdo2grdx1mgm63gii3zar50id,T. Lam,,,,,,,,,,,,,,,,,,,,,,,,,,,,,,,,,,
2499046991,43,1,1,2,3,c33jm806py6adse5wv9wx6ch1,1,23.8,44.3,2023-01-21T08:48:38.453Z,2023-01-21T08:48:41Z,3986736481,56,Back,3986736485,141,66.4,3986736487,212,15.1,3986736483,140,25.5,3986736489,213,1.5,,,,,,,,,,dnpala3bol8svyc2awng6iv9x,C. Good,,,,,,,,,,,,,,,,,,,,,,,,,,,,,,,,,,
2499046995,44,1,1,2,6,c33jm806py6adse5wv9wx6ch1,1,30.3,66,2023-01-21T08:48:41.652Z,2023-01-21T08:48:44Z,3986736499,140,21.2,3986736503,212,13.2,3986736505,213,3.9,3986736497,56,Back,3986736501,141,52.7,,,,,,,,,,8wbljx8706rh6uyhf8eegl1w5,S. Jamieson,,,,,,,,,,,,,,,,,,,,,,,,,,,,,,,,,,
2499046997,45,1,1,2,9,c33jm806py6adse5wv9wx6ch1,1,21.2,52.7,2023-01-21T08:48:44.454Z,2023-01-21T15:09:05Z,3986736519,213,1.0,3986736517,212,35.3,3986736521,1,,3986736509,155,,3986736513,140,38.9,3986736511,56,Back,3986736515,141,96.9,,,,dnpala3bol8svyc2awng6iv9x,C. Good,,,,,,,,,,,,,,,,,,,,,,,,,,,,,,,,,,
2499046999,46,1,1,2,10,c33jm806py6adse5wv9wx6ch1,1,33.6,97.9,2023-01-21T08:48:45.526Z,2023-01-21T15:09:09Z,3986736529,3,,3986736539,213,6.2,3987437307,1,,3986736533,140,65.7,3986736537,212,33.7,3986736535,141,96.2,3986736531,56,Left,,,,7cdvlgpi8g3e8ttspzvr1k251,M. Leckie,,,,,,,,,,,,,,,,,,,,,,,,,,,,,,,,,,
2499047003,47,1,1,2,14,c33jm806py6adse5wv9wx6ch1,1,63.6,96.3,2023-01-21T08:48:49.941Z,2023-01-21T08:48:56Z,3986736569,212,8.1,3986736565,140,55.9,3986736567,141,95.9,3986736571,213,3.2,3986736563,56,Left,,,,,,,,,,446scvw0ckoxnvnsqcqocve1h,V. Berisha,,,,,,,,,,,,,,,,,,,,,,,,,,,,,,,,,,
2499047005,48,50,1,2,20,c33jm806py6adse5wv9wx6ch1,1,69.2,90.8,2023-01-21T08:48:55.940Z,2023-01-21T08:48:57Z,3986736575,56,Left,3986736587,233,21,3986736577,286,,,,,,,,,,,,,,,,,7cdvlgpi8g3e8ttspzvr1k251,M. Leckie,,,,,,,,,,,,,,,,,,,,,,,,,,,,,,,,,,
2499047007,21,7,1,2,20,v046no35g7ebk8lytdjmfb43,1,30.8,9.2,2023-01-21T08:48:55.941Z,2023-01-21T15:09:20Z,3987439057,383,,3986736579,56,Back,3986736581,285,,3986736583,233,48,,,,,,,,,,,,,4gn22fnshsmgxyayuj2p77v85,J. Hingert,,,,,,,,,,,,,,,,,,,,,,,,,,,,,,,,,,
2499047009,22,49,1,2,25,v046no35g7ebk8lytdjmfb43,1,13,5.6,2023-01-21T08:49:00.721Z,2023-01-21T08:49:00Z,,,,,,,,,,,,,,,,,,,,,,,,,3zl5ec82f8zebkxkfdz16e3th,T. Aldred,,,,,,,,,,,,,,,,,,,,,,,,,,,,,,,,,,
2499047011,23,1,1,2,26,v046no35g7ebk8lytdjmfb43,0,14.3,5,2023-01-21T08:49:01.473Z,2023-01-21T15:19:09Z,3987439695,157,,3986736595,56,Back,3986736603,213,5.6,3987523233,233,49,3986736601,212,1.0,3987439701,1,,3986736597,140,15.0,3987439997,286,,3zl5ec82f8zebkxkfdz16e3th,T. Aldred,,3986736599,141,4.1,3987439995,236,,,,,,,,,,,,,,,,,,,,,,,,,,,,
2499047015,49,74,1,2,26,c33jm806py6adse5wv9wx6ch1,1,85.4,91.2,2023-01-21T08:49:01.474Z,2023-01-21T09:04:45Z,3986736617,285,,3986736627,233,23,3986736615,56,Left,,,,,,,,,,,,,,,,7cdvlgpi8g3e8ttspzvr1k251,M. Leckie,,,,,,,,,,,,,,,,,,,,,,,,,,,,,,,,,,
2499047019,24,5,1,2,27,v046no35g7ebk8lytdjmfb43,1,17.4,-1.1,2023-01-21T08:49:02.417Z,2023-01-21T08:49:08Z,3986736637,347,,3986736635,56,Back,3986736639,233,50,,,,,,,,,,,,,,,,3zl5ec82f8zebkxkfdz16e3th,T. Aldred,,,,,,,,,,,,,,,,,,,,,,,,,,,,,,,,,,
2499047017,50,5,1,2,27,c33jm806py6adse5wv9wx6ch1,0,82.6,101.1,2023-01-21T08:49:02.417Z,2023-01-21T09:40:49Z,3986736633,347,,3986736631,56,Left,3986736643,233,24,,,,,,,,,,,,,,,,7cdvlgpi8g3e8ttspzvr1k251,M. Leckie,,,,,,,,,,,,,,,,,,,,,,,,,,,,,,,,,,
2499047023,25,1,1,2,32,v046no35g7ebk8lytdjmfb43,1,21.1,0,2023-01-21T08:49:07.985Z,2023-01-21T15:09:33Z,3986736657,141,26.4,3986736653,56,Back,3986736659,212,20.1,3986736651,107,,3987440947,189,,3986736661,213,1.3,3986736655,140,26.4,,,,4gn22fnshsmgxyayuj2p77v85,J. Hingert,,,,,,,,,,,,,,,,,,,,,,,,,,,,,,,,,,
2499047025,26,1,1,2,34,v046no35g7ebk8lytdjmfb43,1,27.2,26.1,2023-01-21T08:49:09.840Z,2023-01-21T08:49:12Z,3986736675,141,23.6,3986736671,56,Back,3986736679,213,6.1,3986736673,140,34.2,3986736677,212,7.5,,,,,,,,,,dhnssdf1iuorniavvla5zbwx6,K. Trewin,,,,,,,,,,,,,,,,,,,,,,,,,,,,,,,,,,
2499047029,27,1,1,2,37,v046no35g7ebk8lytdjmfb43,0,34.4,12.6,2023-01-21T08:49:12.064Z,2023-01-21T08:49:12Z,3986736687,56,Back,3986736695,213,6.2,3986736691,141,11.7,3986736693,212,7.0,3986736689,140,41.0,,,,,,,,,,abfwfqsv8o9xsnkor896869cl,J. O'Shea,,,,,,,,,,,,,,,,,,,,,,,,,,,,,,,,,,
2499047033,51,49,1,2,38,c33jm806py6adse5wv9wx6ch1,1,58.2,90.8,2023-01-21T08:49:13.221Z,2023-01-21T08:49:13Z,,,,,,,,,,,,,,,,,,,,,,,,,8wbljx8706rh6uyhf8eegl1w5,S. Jamieson,,,,,,,,,,,,,,,,,,,,,,,,,,,,,,,,,,
2499047035,52,1,1,2,39,c33jm806py6adse5wv9wx6ch1,0,59.5,96.5,2023-01-21T08:49:14.693Z,2023-01-21T08:49:16Z,3986736703,140,69.2,3986736707,212,16.8,3986736705,141,76.9,3986736709,213,5.4,3986736701,56,Center,,,,,,,,,,8wbljx8706rh6uyhf8eegl1w5,S. Jamieson,,,,,,,,,,,,,,,,,,,,,,,,,,,,,,,,,,
2499047037,28,49,1,2,41,v046no35g7ebk8lytdjmfb43,1,32,30.3,2023-01-21T08:49:16.736Z,2023-01-21T08:49:17Z,,,,,,,,,,,,,,,,,,,,,,,,,6jri9zzc1ccwcof95srv8h4pg,L. Zabala,,,,,,,,,,,,,,,,,,,,,,,,,,,,,,,,,,
2499047041,29,1,1,2,42,v046no35g7ebk8lytdjmfb43,1,31.4,28.6,2023-01-21T08:49:17.728Z,2023-01-21T08:49:19Z,3986736721,140,25.2,3986736725,212,12.7,3986736727,213,4.2,3986736719,56,Back,3986736723,141,12.5,,,,,,,,,,6jri9zzc1ccwcof95srv8h4pg,L. Zabala,,,,,,,,,,,,,,,,,,,,,,,,,,,,,,,,,,
2499047043,30,1,1,2,44,v046no35g7ebk8lytdjmfb43,1,25.3,12.3,2023-01-21T08:49:19.055Z,2023-01-21T08:49:21Z,3986736735,141,6.5,3986736731,56,Back,3986736739,213,5.8,3986736733,140,32.1,3986736737,212,8.2,,,,,,,,,,7mgwfxva7w88k90jhjd1wx3o5,S. Neville,,,,,,,,,,,,,,,,,,,,,,,,,,,,,,,,,,
2499047047,31,1,1,2,46,v046no35g7ebk8lytdjmfb43,1,29.9,9.4,2023-01-21T08:49:21.104Z,2023-01-21T08:49:25Z,3986736753,141,27.4,3986736757,213,1.8,3986736747,56,Back,3986736755,212,12.6,3986736751,140,27.2,,,,,,,,,,abfwfqsv8o9xsnkor896869cl,J. O'Shea,,,,,,,,,,,,,,,,,,,,,,,,,,,,,,,,,,
2499047051,32,1,1,2,50,v046no35g7ebk8lytdjmfb43,1,28.3,45.1,2023-01-21T08:49:25.808Z,2023-01-21T08:49:30Z,3986736775,141,97.5,3986736771,56,Back,3986736781,1,,3986736773,140,21.7,3986736777,212,36.3,3986736779,213,1.8,,,,,,,6jri9zzc1ccwcof95srv8h4pg,L. Zabala,,,,,,,,,,,,,,,,,,,,,,,,,,,,,,,,,,
2499047061,33,1,1,2,55,v046no35g7ebk8lytdjmfb43,1,21.7,97.5,2023-01-21T08:49:30.368Z,2023-01-21T08:49:35Z,3986736807,140,28.3,3986736811,212,7.0,3986736809,141,95.9,3986736813,213,6.1,3986736805,56,Back,,,,,,,,,,ez47kkcz2wgypddldq97yz2dx,C. Chapman,,,,,,,,,,,,,,,,,,,,,,,,,,,,,,,,,,
2499047063,34,61,1,2,59,v046no35g7ebk8lytdjmfb43,0,23.1,98.3,2023-01-21T08:49:34.976Z,2023-01-21T08:49:35Z,3986736817,56,Back,,,,,,,,,,,,,,,,,,,,,,bhl2kwvi52osrdsdnbtw45lyi,J. Courtney-Perkins,,,,,,,,,,,,,,,,,,,,,,,,,,,,,,,,,,
2499047065,35,5,1,3,0,v046no35g7ebk8lytdjmfb43,0,26,101.6,2023-01-21T08:49:35.328Z,2023-01-21T09:48:26Z,3986736821,347,,3986736865,233,53,3986736819,56,Back,,,,,,,,,,,,,,,,bhl2kwvi52osrdsdnbtw45lyi,J. Courtney-Perkins,,,,,,,,,,,,,,,,,,,,,,,,,,,,,,,,,,
2499047081,53,5,1,3,0,c33jm806py6adse5wv9wx6ch1,1,74,-1.6,2023-01-21T08:49:35.328Z,2023-01-21T09:04:42Z,3986736857,56,Right,3986736861,233,35,3986736859,347,,,,,,,,,,,,,,,,,cqoz8o1pse9uspkqvq3cmges5,S. Galloway,,,,,,,,,,,,,,,,,,,,,,,,,,,,,,,,,,
2499047083,54,1,1,3,18,c33jm806py6adse5wv9wx6ch1,1,71.6,0,2023-01-21T08:49:53.716Z,2023-01-21T08:49:54Z,3986736875,141,8.5,3986736871,56,Right,3986736869,107,,3986736879,213,0.8,3986736873,140,78.3,3986736877,212,10.0,,,,,,,cqoz8o1pse9uspkqvq3cmges5,S. Galloway,,,,,,,,,,,,,,,,,,,,,,,,,,,,,,,,,,
2499047085,55,1,1,3,19,c33jm806py6adse5wv9wx6ch1,1,78.3,8.5,2023-01-21T08:49:54.756Z,2023-01-21T08:49:55Z,3986736889,212,6.0,3986736885,140,72.8,3986736895,156,,3986736887,141,6.2,3986736883,56,Right,3986736891,213,3.4,,,,,,,7q8urr40blud747zzb3io8w5x,R. van der Venne,,,,,,,,,,,,,,,,,,,,,,,,,,,,,,,,,,
2499047091,56,1,1,3,21,c33jm806py6adse5wv9wx6ch1,1,72.8,6.2,2023-01-21T08:49:56.117Z,2023-01-21T15:10:25Z,3986736905,56,Right,3986736953,210,13,3986736911,212,8.0,3986736913,213,1.2,3986736909,141,17.1,3986736907,140,75.6,,,,,,,cqoz8o1pse9uspkqvq3cmges5,S. Galloway,1,,,,,,,,,,,,,,,,,,,,,,,,,,,,,,,,,
2499047093,57,13,1,3,24,c33jm806py6adse5wv9wx6ch1,1,77.5,25,2023-01-21T08:49:59.276Z,2023-01-21T15:10:25Z,3986736959,55,56,3986736923,56,Center,3986736947,72,,3986736967,215,,3986736963,102,41.5,3987448327,114,,3986736965,103,4.2,3986736921,18,,c00r3yls3lf245nbo93m9d6cq,M. Tilio,,3986736969,230,99.4,3986737103,84,3986736957,29,,3986736971,231,48.7,3986736919,22,,,,,,,,,,,,,,,,,,,,
2499047089,36,5,1,3,25,v046no35g7ebk8lytdjmfb43,1,-1.2,63.5,2023-01-21T08:50:00.481Z,2023-01-21T08:50:02Z,3986736903,346,,3986736901,56,Back,3986736935,233,58,,,,,,,,,,,,,,,,bhl2kwvi52osrdsdnbtw45lyi,J. Courtney-Perkins,,,,,,,,,,,,,,,,,,,,,,,,,,,,,,,,,,
2499047095,58,5,1,3,25,c33jm806py6adse5wv9wx6ch1,0,101.2,36.5,2023-01-21T08:50:00.481Z,2023-01-21T09:04:42Z,3986736933,346,,3986736931,56,Center,3986736939,233,36,,,,,,,,,,,,,,,,c00r3yls3lf245nbo93m9d6cq,M. Tilio,,,,,,,,,,,,,,,,,,,,,,,,,,,,,,,,,,
2499047099,37,1,1,3,40,v046no35g7ebk8lytdjmfb43,1,4.7,44.5,2023-01-21T08:50:15.296Z,2023-01-21T08:50:18Z,3986736977,56,Back,3986736983,212,9.5,3986736989,237,,3986736979,140,6.6,3986736981,141,30.9,3986736975,124,,3986736985,213,4.9,,,,cb0y1hi0ozn1rx00vx6a1xr6x,J. Holmes,,,,,,,,,,,,,,,,,,,,,,,,,,,,,,,,,,
2499047103,38,1,1,3,43,v046no35g7ebk8lytdjmfb43,0,8.2,29.1,2023-01-21T08:50:18.289Z,2023-01-21T08:50:23Z,3986737001,141,24.1,3986736997,56,Center,3986737005,213,6.2,3986737007,1,,3986736999,140,58.9,3986736995,155,,3986737003,212,53.3,,,,7mgwfxva7w88k90jhjd1wx3o5,S. Neville,,,,,,,,,,,,,,,,,,,,,,,,,,,,,,,,,,
2499047107,59,44,1,3,46,c33jm806py6adse5wv9wx6ch1,1,40.4,76.4,2023-01-21T08:50:21.989Z,2023-01-21T08:50:23Z,3986737015,56,Back,3986737023,233,39,3986737017,285,,,,,,,,,,,,,,,,,dnpala3bol8svyc2awng6iv9x,C. Good,,,,,,,,,,,,,,,,,,,,,,,,,,,,,,,,,,
2499047109,39,44,1,3,46,v046no35g7ebk8lytdjmfb43,0,59.6,23.6,2023-01-21T08:50:21.990Z,2023-01-21T08:50:23Z,3986737021,286,,3986737019,56,Center,3986737045,233,59,,,,,,,,,,,,,,,,4s2umn33b5fo5zcpkwjcbry7d,J. Knowles,,,,,,,,,,,,,,,,,,,,,,,,,,,,,,,,,,
2499047111,60,1,1,3,47,c33jm806py6adse5wv9wx6ch1,0,39.7,76.9,2023-01-21T08:50:22.343Z,2023-01-21T08:52:18Z,3986737031,140,56.3,3986737029,56,Left,3986737035,212,18.5,3986737037,213,0.3,3986737027,3,,3986737033,141,86.1,,,,,,,dnpala3bol8svyc2awng6iv9x,C. Good,,,,,,,,,,,,,,,,,,,,,,,,,,,,,,,,,,
2499047123,40,44,1,3,48,v046no35g7ebk8lytdjmfb43,1,42.2,15.6,2023-01-21T08:50:23.256Z,2023-01-21T09:48:51Z,3986737061,56,Back,3986737063,285,,3986737109,233,61,,,,,,,,,,,,,,,,6jri9zzc1ccwcof95srv8h4pg,L. Zabala,,,,,,,,,,,,,,,,,,,,,,,,,,,,,,,,,,
2499047115,61,44,1,3,48,c33jm806py6adse5wv9wx6ch1,0,57.8,84.4,2023-01-21T08:50:23.257Z,2023-01-21T08:50:42Z,3986737113,233,40,3986737051,286,,3986737049,56,Left,,,,,,,,,,,,,,,,446scvw0ckoxnvnsqcqocve1h,V. Berisha,,,,,,,,,,,,,,,,,,,,,,,,,,,,,,,,,,
2499047129,41,1,1,3,48,v046no35g7ebk8lytdjmfb43,1,42.9,18,2023-01-21T08:50:23.528Z,2023-01-21T17:25:18Z,3986737075,56,Right,3986737079,141,15.5,3986737081,212,14.5,3986737083,213,6.2,3986737073,3,,3986737077,140,56.6,,,,,,,6jri9zzc1ccwcof95srv8h4pg,L. Zabala,,,,,,,,,,,,,,,,,,,,,,,,,,,,,,,,,,
2499047133,42,2,1,3,50,v046no35g7ebk8lytdjmfb43,1,59.3,15.3,2023-01-21T08:50:25.175Z,2023-01-21T15:10:48Z,3986737095,140,71.4,3986737091,7,uyhh5u2ezau9f095symdh3sa,3986737093,56,Right,3986737097,141,18.0,,,,,,,,,,,,,4gn22fnshsmgxyayuj2p77v85,J. Hingert,,,,,,,,,,,,,,,,,,,,,,,,,,,,,,,,,,
2499047121,62,55,1,3,50,c33jm806py6adse5wv9wx6ch1,1,34.3,50.3,2023-01-21T08:50:25.176Z,2023-01-21T15:10:56Z,,,,,,,,,,,,,,,,,,,,,,,,,cqoz8o1pse9uspkqvq3cmges5,S. Galloway,,,,,,,,,,,,,,,,,,,,,,,,,,,,,,,,,,
2499047145,63,1,1,4,15,c33jm806py6adse5wv9wx6ch1,1,27.1,75.4,2023-01-21T08:50:50.724Z,2023-01-21T15:11:02Z,3986737137,56,Back,3986737133,5,,3987453989,189,,3986737143,212,13.4,3986737139,140,39.6,3986737145,213,0.2,3986737141,141,79.7,3986737135,241,,dnpala3bol8svyc2awng6iv9x,C. Good,,,,,,,,,,,,,,,,,,,,,,,,,,,,,,,,,,
2499047147,64,1,1,4,17,c33jm806py6adse5wv9wx6ch1,1,39.6,79.7,2023-01-21T08:50:52.308Z,2023-01-21T08:50:53Z,3986737155,212,21.2,3986737151,140,58.3,3986737153,141,67.9,3986737157,213,5.9,3986737149,56,Center,,,,,,,,,,8wbljx8706rh6uyhf8eegl1w5,S. Jamieson,,,,,,,,,,,,,,,,,,,,,,,,,,,,,,,,,,
2499047155,65,1,1,4,18,c33jm806py6adse5wv9wx6ch1,1,58.3,67.9,2023-01-21T08:50:53.252Z,2023-01-21T08:50:56Z,3986737181,140,31.0,3986737179,56,Back,3986737185,212,29.4,3986737187,213,2.9,3986737183,141,77.3,,,,,,,,,,31v9w4cyk1fxlig452kuc65ed,J. Maclaren,,,,,,,,,,,,,,,,,,,,,,,,,,,,,,,,,,
2499047157,66,1,1,4,21,c33jm806py6adse5wv9wx6ch1,1,31,77.3,2023-01-21T08:50:56.228Z,2023-01-21T08:50:57Z,3986737193,140,34.1,3986737197,212,28.9,3986737199,213,4.8,3986737195,141,35.1,3986737191,56,Back,,,,,,,,,,dnpala3bol8svyc2awng6iv9x,C. Good,,,,,,,,,,,,,,,,,,,,,,,,,,,,,,,,,,
2499047159,67,1,1,4,22,c33jm806py6adse5wv9wx6ch1,1,34.1,35.1,2023-01-21T08:50:57.252Z,2023-01-21T08:50:59Z,3986737207,141,5.0,3986737211,213,5.3,3986737203,56,Back,3986737209,212,25.3,3986737205,140,48.2,,,,,,,,,,bdo2grdx1mgm63gii3zar50id,T. Lam,,,,,,,,,,,,,,,,,,,,,,,,,,,,,,,,,,
2499047165,68,1,1,4,24,c33jm806py6adse5wv9wx6ch1,1,54.7,4.6,2023-01-21T08:50:59.588Z,2023-01-21T08:51:04Z,3986737241,213,6.1,3986737235,140,63.5,3986737233,56,Right,3986737237,141,2.0,3986737239,212,9.4,,,,,,,,,,cqoz8o1pse9uspkqvq3cmges5,S. Galloway,,,,,,,,,,,,,,,,,,,,,,,,,,,,,,,,,,
2499047173,69,1,1,4,29,c33jm806py6adse5wv9wx6ch1,0,70.5,18.5,2023-01-21T08:51:04.052Z,2023-01-21T08:51:07Z,3986737265,213,0.6,3986737261,141,39.5,3986737259,140,91.5,3986737263,212,26.3,3986737257,56,Center,,,,,,,,,,c00r3yls3lf245nbo93m9d6cq,M. Tilio,,,,,,,,,,,,,,,,,,,,,,,,,,,,,,,,,,
2499047175,43,54,1,4,33,v046no35g7ebk8lytdjmfb43,1,9.1,54.8,2023-01-21T08:51:08.498Z,2023-01-21T09:49:00Z,3986737273,232,,,,,,,,,,,,,,,,,,,,,,,cb0y1hi0ozn1rx00vx6a1xr6x,J. Holmes,,,,,,,,,,,,,,,,,,,,,,,,,,,,,,,,,,
2499047179,44,52,1,4,34,v046no35g7ebk8lytdjmfb43,1,9.1,54.8,2023-01-21T08:51:09.904Z,2023-01-21T15:11:50Z,3987460309,376,,,,,,,,,,,,,,,,,,,,,,,cb0y1hi0ozn1rx00vx6a1xr6x,J. Holmes,,,,,,,,,,,,,,,,,,,,,,,,,,,,,,,,,,
2499047199,45,1,1,4,54,v046no35g7ebk8lytdjmfb43,0,15,36.1,2023-01-21T08:51:29.391Z,2023-01-21T08:51:32Z,3986737329,212,54.0,3986737327,141,23.3,3986737333,1,,3986737323,56,Center,3986737321,199,,3986737331,213,6.1,3986737325,140,65.8,,,,cb0y1hi0ozn1rx00vx6a1xr6x,J. Holmes,,,,,,,,,,,,,,,,,,,,,,,,,,,,,,,,,,
2499047201,70,1,1,4,57,c33jm806py6adse5wv9wx6ch1,0,36.4,81.1,2023-01-21T08:51:32.517Z,2023-01-21T08:51:34Z,3986737341,141,79.0,3986737345,213,6.1,3986737335,3,,3986737337,56,Back,3986737339,140,44.1,3986737343,212,8.2,,,,,,,dnpala3bol8svyc2awng6iv9x,C. Good,,,,,,,,,,,,,,,,,,,,,,,,,,,,,,,,,,
2499047207,46,1,1,4,58,v046no35g7ebk8lytdjmfb43,0,55.5,24.4,2023-01-21T08:51:33.919Z,2023-01-21T15:13:53Z,3986737371,213,0.0,3986737367,141,24.6,3986737363,56,Center,3986737369,212,7.6,3986737361,3,,3986737365,140,62.7,,,,,,,6jri9zzc1ccwcof95srv8h4pg,L. Zabala,,,,,,,,,,,,,,,,,,,,,,,,,,,,,,,,,,
2499047203,71,1,1,4,59,c33jm806py6adse5wv9wx6ch1,1,36.4,78.1,2023-01-21T08:51:34.564Z,2023-01-21T08:51:35Z,3986737355,212,6.2,3986737351,140,42.1,3986737349,56,Back,3986737353,141,80.3,3986737357,213,0.2,3986737347,3,,,,,,,,dnpala3bol8svyc2awng6iv9x,C. Good,,,,,,,,,,,,,,,,,,,,,,,,,,,,,,,,,,
2499047205,72,49,1,5,0,c33jm806py6adse5wv9wx6ch1,1,42.1,80.3,2023-01-21T08:51:35.765Z,2023-01-21T08:51:36Z,,,,,,,,,,,,,,,,,,,,,,,,,446scvw0ckoxnvnsqcqocve1h,V. Berisha,,,,,,,,,,,,,,,,,,,,,,,,,,,,,,,,,,
2499047209,73,1,1,5,0,c33jm806py6adse5wv9wx6ch1,0,42.1,80.3,2023-01-21T08:51:35.908Z,2023-01-21T08:51:38Z,3986737375,140,47.5,3986737379,212,5.8,3986737381,213,0.2,3986737373,56,Back,3986737377,141,82.4,,,,,,,,,,446scvw0ckoxnvnsqcqocve1h,V. Berisha,,,,,,,,,,,,,,,,,,,,,,,,,,,,,,,,,,
2499188693,753,49,1,5,2,v046no35g7ebk8lytdjmfb43,1,53.4,13.8,2023-01-21T08:51:37.536Z,2023-01-21T15:14:07Z,,,,,,,,,,,,,,,,,,,,,,,,,7mgwfxva7w88k90jhjd1wx3o5,S. Neville,,,,,,,,,,,,,,,,,,,,,,,,,,,,,,,,,,
2499047211,47,1,1,5,2,v046no35g7ebk8lytdjmfb43,0,54.6,15.9,2023-01-21T08:51:38.033Z,2023-01-21T08:51:38Z,3986737385,155,,3986737393,212,17.2,3986737389,140,71.0,3986737391,141,15.2,3986737387,56,Right,3986737395,213,6.3,,,,,,,7mgwfxva7w88k90jhjd1wx3o5,S. Neville,,,,,,,,,,,,,,,,,,,,,,,,,,,,,,,,,,
2499189595,1050,49,1,5,6,c33jm806py6adse5wv9wx6ch1,1,20.5,91.9,2023-01-21T08:51:41.781Z,2023-01-21T15:14:41Z,,,,,,,,,,,,,,,,,,,,,,,,,8wbljx8706rh6uyhf8eegl1w5,S. Jamieson,,,,,,,,,,,,,,,,,,,,,,,,,,,,,,,,,,
2499047215,74,1,1,5,6,c33jm806py6adse5wv9wx6ch1,0,15,94.2,2023-01-21T08:51:41.876Z,2023-01-21T08:51:45Z,3986737417,213,0.0,3986737409,56,Left,3986737413,141,95.7,3986737411,140,58.4,3986737407,157,,3986737419,1,,3986737415,212,45.6,,,,8wbljx8706rh6uyhf8eegl1w5,S. Jamieson,,,,,,,,,,,,,,,,,,,,,,,,,,,,,,,,,,
2499047219,48,49,1,5,11,v046no35g7ebk8lytdjmfb43,1,38.5,5.3,2023-01-21T08:51:46.127Z,2023-01-21T08:51:46Z,,,,,,,,,,,,,,,,,,,,,,,,,3zl5ec82f8zebkxkfdz16e3th,T. Aldred,,,,,,,,,,,,,,,,,,,,,,,,,,,,,,,,,,
2499047225,49,1,1,5,12,v046no35g7ebk8lytdjmfb43,1,37.7,4.7,2023-01-21T08:51:47.808Z,2023-01-21T08:51:49Z,3986737441,212,5.5,3986737435,56,Back,3986737437,140,42.9,3986737443,213,6.2,3986737439,141,3.8,,,,,,,,,,3zl5ec82f8zebkxkfdz16e3th,T. Aldred,,,,,,,,,,,,,,,,,,,,,,,,,,,,,,,,,,
2499047229,50,1,1,5,14,v046no35g7ebk8lytdjmfb43,1,44,5.8,2023-01-21T08:51:49.312Z,2023-01-21T08:51:51Z,3986737455,141,24.0,3986737451,56,Back,3986737459,213,1.5,3986737453,140,44.5,3986737457,212,12.4,,,,,,,,,,7mgwfxva7w88k90jhjd1wx3o5,S. Neville,,,,,,,,,,,,,,,,,,,,,,,,,,,,,,,,,,
2499047233,51,1,1,5,16,v046no35g7ebk8lytdjmfb43,1,45.1,24,2023-01-21T08:51:51.183Z,2023-01-21T08:52:07Z,3986737475,212,16.5,3986737471,140,57.7,3986737469,56,Right,3986737473,141,9.5,3986737477,213,5.6,,,,,,,,,,dhnssdf1iuorniavvla5zbwx6,K. Trewin,,,,,,,,,,,,,,,,,,,,,,,,,,,,,,,,,,
2499047237,52,1,1,5,19,v046no35g7ebk8lytdjmfb43,1,60.8,11.4,2023-01-21T08:51:54.079Z,2023-01-21T08:51:55Z,3986737487,140,71.0,3986737491,212,16.3,3986737489,141,29.4,3986737493,213,0.9,3986737485,56,Center,,,,,,,,,,6jri9zzc1ccwcof95srv8h4pg,L. Zabala,,,,,,,,,,,,,,,,,,,,,,,,,,,,,,,,,,
2499047239,53,1,1,5,20,v046no35g7ebk8lytdjmfb43,1,71.3,29.7,2023-01-21T08:51:55.247Z,2023-01-21T08:51:58Z,3986737505,212,9.6,3986737501,140,64.4,3986737499,56,Center,3986737503,141,38.9,3986737507,213,2.4,,,,,,,,,,uyhh5u2ezau9f095symdh3sa,C. Armiento,,,,,,,,,,,,,,,,,,,,,,,,,,,,,,,,,,
2499047241,54,1,1,5,23,v046no35g7ebk8lytdjmfb43,1,76,63.4,2023-01-21T08:51:58.591Z,2023-01-21T08:52:00Z,3986737511,56,Center,3986737519,213,0.5,3986737515,141,75.1,3986737517,212,16.7,3986737513,140,90.0,,,,,,,,,,abfwfqsv8o9xsnkor896869cl,J. O'Shea,,,,,,,,,,,,,,,,,,,,,,,,,,,,,,,,,,
2499047243,55,1,1,5,25,v046no35g7ebk8lytdjmfb43,0,90.3,75.3,2023-01-21T08:52:00.304Z,2023-01-21T08:52:01Z,3986737523,56,Center,3986737527,141,56.6,3986737525,140,95.2,3986737531,213,5.1,3986737529,212,13.7,,,,,,,,,,bhl2kwvi52osrdsdnbtw45lyi,J. Courtney-Perkins,,,,,,,,,,,,,,,,,,,,,,,,,,,,,,,,,,
2499047245,75,12,1,5,25,c33jm806py6adse5wv9wx6ch1,1,7.1,41.5,2023-01-21T08:52:00.948Z,2023-01-21T08:52:03Z,3986737537,56,Back,3986737543,212,28.5,3986737539,140,6.9,3986737541,141,0.0,3986737551,167,,3986737545,213,4.7,,,,,,,bdo2grdx1mgm63gii3zar50id,T. Lam,,,,,,,,,,,,,,,,,,,,,,,,,,,,,,,,,,
2499047251,56,5,1,5,27,v046no35g7ebk8lytdjmfb43,1,91.6,101.1,2023-01-21T08:52:02.831Z,2023-01-21T09:04:42Z,3986737557,56,Left,3986737563,233,76,3986737559,347,,,,,,,,,,,,,,,,,bhl2kwvi52osrdsdnbtw45lyi,J. Courtney-Perkins,,,,,,,,,,,,,,,,,,,,,,,,,,,,,,,,,,
2499047247,76,5,1,5,27,c33jm806py6adse5wv9wx6ch1,0,8.4,-1.1,2023-01-21T08:52:02.831Z,2023-01-21T08:52:07Z,3986737549,347,,3986737547,56,Back,3986737567,233,56,,,,,,,,,,,,,,,,bdo2grdx1mgm63gii3zar50id,T. Lam,,,,,,,,,,,,,,,,,,,,,,,,,,,,,,,,,,
2499047257,57,1,1,5,37,v046no35g7ebk8lytdjmfb43,1,90.4,100,2023-01-21T08:52:12.576Z,2023-01-21T08:52:15Z,3986737587,212,24.7,3986737583,140,67.5,3986737579,107,,3986737589,213,3.4,3986737591,1,,3986737581,56,Left,3986737585,141,93.2,,,,bhl2kwvi52osrdsdnbtw45lyi,J. Courtney-Perkins,,,,,,,,,,,,,,,,,,,,,,,,,,,,,,,,,,
2499047259,58,1,1,5,40,v046no35g7ebk8lytdjmfb43,0,67.1,91.5,2023-01-21T08:52:15.183Z,2023-01-21T08:52:16Z,3986737597,140,58.6,3986737603,213,4.1,3986737601,212,15.3,3986737599,141,73.3,3986737595,56,Center,,,,,,,,,,abfwfqsv8o9xsnkor896869cl,J. O'Shea,,,,,,,,,,,,,,,,,,,,,,,,,,,,,,,,,,
2499047261,77,49,1,5,42,c33jm806py6adse5wv9wx6ch1,1,38.8,28.3,2023-01-21T08:52:17.076Z,2023-01-21T08:52:17Z,,,,,,,,,,,,,,,,,,,,,,,,,31v9w4cyk1fxlig452kuc65ed,J. Maclaren,,,,,,,,,,,,,,,,,,,,,,,,,,,,,,,,,,
2499047263,78,1,1,5,42,c33jm806py6adse5wv9wx6ch1,1,38.8,28.3,2023-01-21T08:52:17.188Z,2023-01-21T08:52:21Z,3986737607,140,35.9,3986737611,212,5.9,3986737609,141,35.7,3986737613,213,2.1,3986737605,56,Back,,,,,,,,,,31v9w4cyk1fxlig452kuc65ed,J. Maclaren,,,,,,,,,,,,,,,,,,,,,,,,,,,,,,,,,,
2499191251,1051,3,1,5,43,c33jm806py6adse5wv9wx6ch1,0,37,23.1,2023-01-21T08:52:18.608Z,2023-01-21T15:15:44Z,3987492019,286,,3987492023,467,6jri9zzc1ccwcof95srv8h4pg,3987492017,56,Back,3987492021,465,,,,,,,,,,,,,,446scvw0ckoxnvnsqcqocve1h,V. Berisha,,,,,,,,,,,,,,,,,,,,,,,,,,,,,,,,,,
2499047265,79,4,1,5,44,c33jm806py6adse5wv9wx6ch1,1,38.2,34.6,2023-01-21T08:52:19.086Z,2023-01-21T08:52:22Z,3986737619,56,Back,3986737617,13,,3986737621,152,,3986737625,286,,3986737623,265,,3986737637,233,59,,,,,,,446scvw0ckoxnvnsqcqocve1h,V. Berisha,,,,,,,,,,,,,,,,,,,,,,,,,,,,,,,,,,
2499047267,59,4,1,5,44,v046no35g7ebk8lytdjmfb43,0,61.8,65.4,2023-01-21T08:52:19.087Z,2023-01-21T08:52:22Z,3986737631,152,,3986737629,56,Center,3986737635,285,,3986737627,13,,3986737633,265,,3986737641,233,79,,,,,,,6jri9zzc1ccwcof95srv8h4pg,L. Zabala,,,,,,,,,,,,,,,,,,,,,,,,,,,,,,,,,,
2499047269,60,17,1,5,45,v046no35g7ebk8lytdjmfb43,1,0,0,2023-01-21T08:52:20.503Z,2023-01-21T15:16:15Z,3986737649,13,243,3986737645,31,,3987496869,392,,,,,,,,,,,,,,,,,6jri9zzc1ccwcof95srv8h4pg,L. Zabala,,,,,,,,,,,,,,,,,,,,,,,,,,,,,,,,,,
2499047291,80,1,1,6,16,c33jm806py6adse5wv9wx6ch1,1,42.2,37.1,2023-01-21T08:52:51.779Z,2023-01-21T15:16:52Z,3986737719,141,73.0,3986737721,212,26.5,3986737717,140,51.9,3986737713,152,,3986737711,5,,3986737723,213,1.2,3986737715,56,Center,,,,bdo2grdx1mgm63gii3zar50id,T. Lam,,,,,,,,,,,,,,,,,,,,,,,,,,,,,,,,,,
2499047293,81,1,1,6,20,c33jm806py6adse5wv9wx6ch1,1,70.4,80.6,2023-01-21T08:52:55.844Z,2023-01-21T08:52:58Z,3986737729,140,74.9,3986737735,213,1.1,3986737731,141,93.8,3986737727,56,Left,3986737733,212,10.1,,,,,,,,,,8wbljx8706rh6uyhf8eegl1w5,S. Jamieson,,,,,,,,,,,,,,,,,,,,,,,,,,,,,,,,,,
2499047297,82,1,1,6,22,c33jm806py6adse5wv9wx6ch1,1,76.8,94.2,2023-01-21T08:52:58.019Z,2023-01-21T08:53:00Z,3986737751,213,3.7,3986737745,140,61.9,3986737749,212,18.7,3986737747,141,79.1,3986737743,56,Left,,,,,,,,,,7cdvlgpi8g3e8ttspzvr1k251,M. Leckie,,,,,,,,,,,,,,,,,,,,,,,,,,,,,,,,,,
2499047303,84,1,1,6,26,c33jm806py6adse5wv9wx6ch1,1,61.9,79.1,2023-01-21T08:53:01.507Z,2023-01-21T08:53:03Z,3986737769,213,4.2,3986737767,212,26.5,3986737763,140,50.1,3986737761,56,Center,3986737765,141,44.6,,,,,,,,,,446scvw0ckoxnvnsqcqocve1h,V. Berisha,,,,,,,,,,,,,,,,,,,,,,,,,,,,,,,,,,
2499047313,85,1,1,6,28,c33jm806py6adse5wv9wx6ch1,1,52.9,43,2023-01-21T08:53:03.443Z,2023-01-21T08:53:07Z,3986737795,140,63.5,3986737801,213,5.2,3986737799,212,23.9,3986737793,56,Right,3986737797,141,11.9,,,,,,,,,,bdo2grdx1mgm63gii3zar50id,T. Lam,,,,,,,,,,,,,,,,,,,,,,,,,,,,,,,,,,
2499047319,86,1,1,6,32,c33jm806py6adse5wv9wx6ch1,1,71.2,17,2023-01-21T08:53:07.524Z,2023-01-21T08:53:14Z,3986737819,212,13.9,3986737813,56,Right,3986737817,141,4.1,3986737821,213,5.6,3986737815,140,81.5,,,,,,,,,,cqoz8o1pse9uspkqvq3cmges5,S. Galloway,,,,,,,,,,,,,,,,,,,,,,,,,,,,,,,,,,
2499047321,87,61,1,6,37,c33jm806py6adse5wv9wx6ch1,0,95.7,16.4,2023-01-21T08:53:12.956Z,2023-01-21T15:17:09Z,3986737825,56,Right,,,,,,,,,,,,,,,,,,,,,,c00r3yls3lf245nbo93m9d6cq,M. Tilio,,,,,,,,,,,,,,,,,,,,,,,,,,,,,,,,,,
2499047317,61,5,1,6,38,v046no35g7ebk8lytdjmfb43,1,-1,81.9,2023-01-21T08:53:13.711Z,2023-01-21T08:53:16Z,3986737811,346,,3986737839,233,88,3986737809,56,Back,,,,,,,,,,,,,,,,bhl2kwvi52osrdsdnbtw45lyi,J. Courtney-Perkins,,,,,,,,,,,,,,,,,,,,,,,,,,,,,,,,,,
2499047323,88,5,1,6,38,c33jm806py6adse5wv9wx6ch1,0,101,18.1,2023-01-21T08:53:13.711Z,2023-01-21T09:04:43Z,3986737833,346,,3986737843,233,61,3986737831,56,Right,,,,,,,,,,,,,,,,c00r3yls3lf245nbo93m9d6cq,M. Tilio,,,,,,,,,,,,,,,,,,,,,,,,,,,,,,,,,,
2499047333,62,1,1,7,2,v046no35g7ebk8lytdjmfb43,1,4.9,50.3,2023-01-21T08:53:37.071Z,2023-01-21T08:53:40Z,3986737883,213,5.0,3986737873,124,,3986737877,140,9.1,3986737887,237,,3986737875,56,Back,3986737881,212,15.5,3986737879,141,28.5,,,,cb0y1hi0ozn1rx00vx6a1xr6x,J. Holmes,,,,,,,,,,,,,,,,,,,,,,,,,,,,,,,,,,
2499047335,63,1,1,7,5,v046no35g7ebk8lytdjmfb43,1,10.7,28.2,2023-01-21T08:53:40.256Z,2023-01-21T08:53:43Z,3986737895,141,28.2,3986737891,56,Center,3986737899,213,0,3986737893,140,53.1,3986737889,155,,3986737901,1,,3986737897,212,44.5,,,,3zl5ec82f8zebkxkfdz16e3th,T. Aldred,,,,,,,,,,,,,,,,,,,,,,,,,,,,,,,,,,
2499047339,64,44,1,7,8,v046no35g7ebk8lytdjmfb43,1,55.1,27.4,2023-01-21T08:53:43.378Z,2023-01-21T08:53:44Z,3986737911,286,,3986737913,233,89,3986737909,56,Center,,,,,,,,,,,,,,,,4s2umn33b5fo5zcpkwjcbry7d,J. Knowles,,,,,,,,,,,,,,,,,,,,,,,,,,,,,,,,,,
2499047337,89,44,1,7,8,c33jm806py6adse5wv9wx6ch1,0,44.9,72.6,2023-01-21T08:53:43.379Z,2023-01-21T08:53:45Z,3986737905,56,Back,3986737907,285,,3986737919,233,64,,,,,,,,,,,,,,,,dnpala3bol8svyc2awng6iv9x,C. Good,,,,,,,,,,,,,,,,,,,,,,,,,,,,,,,,,,
2499047345,65,1,1,7,8,v046no35g7ebk8lytdjmfb43,0,53.1,28.2,2023-01-21T08:53:43.631Z,2023-01-21T08:53:45Z,3986737929,56,Center,3986737937,213,0.8,3986737933,141,49.6,3986737927,168,,3986737925,3,,3986737931,140,67.7,3986737935,212,21.1,,,,4s2umn33b5fo5zcpkwjcbry7d,J. Knowles,,,,,,,,,,,,,,,,,,,,,,,,,,,,,,,,,,
2499047341,90,49,1,7,9,c33jm806py6adse5wv9wx6ch1,1,32.3,40.9,2023-01-21T08:53:44.579Z,2023-01-21T08:53:44Z,,,,,,,,,,,,,,,,,,,,,,,,,cqoz8o1pse9uspkqvq3cmges5,S. Galloway,,,,,,,,,,,,,,,,,,,,,,,,,,,,,,,,,,
2499047353,91,1,1,7,9,c33jm806py6adse5wv9wx6ch1,1,32.3,40.9,2023-01-21T08:53:44.691Z,2023-01-21T08:53:55Z,3986737959,213,2.8,3986737953,140,13.8,3986737957,212,21.0,3986737955,141,52.5,3986737951,56,Back,,,,,,,,,,cqoz8o1pse9uspkqvq3cmges5,S. Galloway,,,,,,,,,,,,,,,,,,,,,,,,,,,,,,,,,,
2499047355,92,1,1,7,20,c33jm806py6adse5wv9wx6ch1,0,26.3,44.9,2023-01-21T08:53:55.651Z,2023-01-21T08:53:58Z,3986737965,155,,3986737973,212,49.7,3986737977,1,,3986737969,140,70.9,3986737975,213,5.9,3986737971,141,20.6,3986737967,56,Right,,,,77gcx1qotysu9hbi2hw2gjsvd,T. Glover,,,,,,,,,,,,,,,,,,,,,,,,,,,,,,,,,,
2499047359,66,49,1,7,23,v046no35g7ebk8lytdjmfb43,1,23.9,72.6,2023-01-21T08:53:58.399Z,2023-01-21T08:53:58Z,,,,,,,,,,,,,,,,,,,,,,,,,ez47kkcz2wgypddldq97yz2dx,C. Chapman,,,,,,,,,,,,,,,,,,,,,,,,,,,,,,,,,,
2499047365,67,1,1,7,24,v046no35g7ebk8lytdjmfb43,1,24.3,65.8,2023-01-21T08:53:59.759Z,2023-01-21T08:54:04Z,3986737991,155,,3986737995,140,41.9,3986738003,1,,3986737999,212,42.8,3986738001,213,5.2,3986737997,141,9.1,3986737993,56,Back,,,,ez47kkcz2wgypddldq97yz2dx,C. Chapman,,,,,,,,,,,,,,,,,,,,,,,,,,,,,,,,,,
2499047367,68,1,1,7,27,v046no35g7ebk8lytdjmfb43,0,43.5,7.9,2023-01-21T08:54:03.031Z,2023-01-21T08:54:09Z,3986738009,56,Right,3986738017,213,0.4,3986738013,141,17.3,3986738007,3,,3986738011,140,58.5,3986738015,212,17.0,,,,,,,4gn22fnshsmgxyayuj2p77v85,J. Hingert,,,,,,,,,,,,,,,,,,,,,,,,,,,,,,,,,,
2499047369,93,49,1,7,31,c33jm806py6adse5wv9wx6ch1,1,39.1,78.4,2023-01-21T08:54:06.147Z,2023-01-21T08:54:06Z,,,,,,,,,,,,,,,,,,,,,,,,,dnpala3bol8svyc2awng6iv9x,C. Good,,,,,,,,,,,,,,,,,,,,,,,,,,,,,,,,,,
2499047371,94,1,1,7,31,c33jm806py6adse5wv9wx6ch1,1,39.1,78.4,2023-01-21T08:54:06.307Z,2023-01-21T08:54:07Z,3986738019,56,Back,3986738027,213,0.9,3986738023,141,92.6,3986738021,140,46.8,3986738025,212,12.6,,,,,,,,,,dnpala3bol8svyc2awng6iv9x,C. Good,,,,,,,,,,,,,,,,,,,,,,,,,,,,,,,,,,
2499047377,95,1,1,7,31,c33jm806py6adse5wv9wx6ch1,1,46.8,92.6,2023-01-21T08:54:06.915Z,2023-01-21T08:54:12Z,3986738047,213,4.9,3986738039,56,Back,3986738043,141,68.4,3986738041,140,49.1,3986738045,212,16.6,,,,,,,,,,8wbljx8706rh6uyhf8eegl1w5,S. Jamieson,,,,,,,,,,,,,,,,,,,,,,,,,,,,,,,,,,
2499047379,96,1,1,7,36,c33jm806py6adse5wv9wx6ch1,1,62.7,37.3,2023-01-21T08:54:11.971Z,2023-01-21T08:54:16Z,3986738057,141,9.8,3986738053,56,Right,3986738061,213,5.0,3986738059,212,19.5,3986738055,140,67.8,,,,,,,,,,bcytv86dp6kqrsosu6gck9q7d,A. O'Neill,,,,,,,,,,,,,,,,,,,,,,,,,,,,,,,,,,
2499047381,97,1,1,7,41,c33jm806py6adse5wv9wx6ch1,1,73.3,35.4,2023-01-21T08:54:16.451Z,2023-01-21T08:54:17Z,3986738069,141,38.3,3986738073,213,2.8,3986738065,56,Center,3986738067,140,67.5,3986738071,212,6.4,,,,,,,,,,c00r3yls3lf245nbo93m9d6cq,M. Tilio,,,,,,,,,,,,,,,,,,,,,,,,,,,,,,,,,,
2499047385,98,1,1,7,42,c33jm806py6adse5wv9wx6ch1,1,67.5,38,2023-01-21T08:54:17.826Z,2023-01-21T08:54:22Z,3986738085,212,11.2,3986738079,56,Center,3986738081,140,68.0,3986738083,141,21.6,3986738087,213,4.8,,,,,,,,,,bcytv86dp6kqrsosu6gck9q7d,A. O'Neill,,,,,,,,,,,,,,,,,,,,,,,,,,,,,,,,,,
2499047387,99,1,1,7,46,c33jm806py6adse5wv9wx6ch1,1,66.7,18.6,2023-01-21T08:54:22.003Z,2023-01-21T08:54:27Z,3986738093,56,Right,3986738101,213,5.3,3986738097,141,3.5,3986738095,140,73.1,3986738099,212,12.3,,,,,,,,,,7q8urr40blud747zzb3io8w5x,R. van der Venne,,,,,,,,,,,,,,,,,,,,,,,,,,,,,,,,,,
2499047389,100,1,1,7,52,c33jm806py6adse5wv9wx6ch1,1,64.7,6.1,2023-01-21T08:54:27.363Z,2023-01-21T08:54:31Z,3986738111,212,31.1,3986738107,140,49.2,3986738105,56,Back,3986738113,213,2.1,3986738109,141,45.1,,,,,,,,,,cqoz8o1pse9uspkqvq3cmges5,S. Galloway,,,,,,,,,,,,,,,,,,,,,,,,,,,,,,,,,,
2499047391,101,1,1,7,56,c33jm806py6adse5wv9wx6ch1,1,54.9,58.1,2023-01-21T08:54:31.571Z,2023-01-21T08:54:34Z,3986738121,141,90.6,3986738117,56,Left,3986738125,213,1.1,3986738119,140,65.4,3986738123,212,24.7,,,,,,,,,,dnpala3bol8svyc2awng6iv9x,C. Good,,,,,,,,,,,,,,,,,,,,,,,,,,,,,,,,,,
2499047397,102,1,1,7,58,c33jm806py6adse5wv9wx6ch1,1,65.4,90.6,2023-01-21T08:54:33.955Z,2023-01-21T08:54:39Z,3986738137,56,Center,3986738145,213,4.8,3986738141,141,63.1,3986738139,140,67.7,3986738143,212,18.9,,,,,,,,,,8wbljx8706rh6uyhf8eegl1w5,S. Jamieson,,,,,,,,,,,,,,,,,,,,,,,,,,,,,,,,,,
2499196659,755,45,1,8,2,v046no35g7ebk8lytdjmfb43,0,30.2,41.3,2023-01-21T08:54:37.142Z,2023-01-21T15:19:09Z,3987519941,285,,3987519939,56,Back,3987523177,233,1052,,,,,,,,,,,,,,,,dhnssdf1iuorniavvla5zbwx6,K. Trewin,,,,,,,,,,,,,,,,,,,,,,,,,,,,,,,,,,
2499197175,1052,3,1,8,2,c33jm806py6adse5wv9wx6ch1,1,69.8,58.7,2023-01-21T08:54:37.142Z,2023-01-21T15:19:08Z,3987522641,286,,3987523113,233,755,3987522643,464,,3987522639,56,Center,,,,,,,,,,,,,bcytv86dp6kqrsosu6gck9q7d,A. O'Neill,,,,,,,,,,,,,,,,,,,,,,,,,,,,,,,,,,
2499196647,754,43,1,8,2,v046no35g7ebk8lytdjmfb43,1,0,0,2023-01-21T08:54:37.354Z,2023-01-21T15:18:52Z,3987520919,144,3,3987519881,56,Back,3987519883,285,0,,,,,,,,,,,,,,,,cb0y1hi0ozn1rx00vx6a1xr6x,J. Holmes,,,,,,,,,,,,,,,,,,,,,,,,,,,,,,,,,,
2499047399,103,1,1,8,4,c33jm806py6adse5wv9wx6ch1,0,77.2,67.9,2023-01-21T08:54:39.075Z,2023-01-21T08:54:41Z,3986738149,56,Center,3986738151,140,95.0,3986738155,212,19.7,3986738157,213,6.0,3986738153,141,58.8,,,,,,,,,,bcytv86dp6kqrsosu6gck9q7d,A. O'Neill,,,,,,,,,,,,,,,,,,,,,,,,,,,,,,,,,,
2499047401,69,43,1,8,8,v046no35g7ebk8lytdjmfb43,1,0,0,2023-01-21T08:54:43.247Z,2023-01-21T15:19:16Z,3987524197,144,54,3986738159,232,0,,,,,,,,,,,,,,,,,,,cb0y1hi0ozn1rx00vx6a1xr6x,J. Holmes,,,,,,,,,,,,,,,,,,,,,,,,,,,,,,,,,,
2499047405,70,52,1,8,9,v046no35g7ebk8lytdjmfb43,1,6.8,41.8,2023-01-21T08:54:44.575Z,2023-01-21T15:19:21Z,3987525129,376,,,,,,,,,,,,,,,,,,,,,,,cb0y1hi0ozn1rx00vx6a1xr6x,J. Holmes,,,,,,,,,,,,,,,,,,,,,,,,,,,,,,,,,,
2499047443,71,27,1,8,13,v046no35g7ebk8lytdjmfb43,1,0,0,2023-01-21T08:54:48.960Z,2023-01-21T09:04:40Z,3986738253,41,Injury,3986740875,233,105,3986738255,53,cb0y1hi0ozn1rx00vx6a1xr6x,,,,,,,,,,,,,,,,,,,,,,,,,,,,,,,,,,,,,,,,,,,,,,,,,,,
2499047433,105,27,1,8,13,c33jm806py6adse5wv9wx6ch1,1,0,0,2023-01-21T08:54:48.960Z,2023-01-21T09:04:41Z,3986740879,233,71,,,,,,,,,,,,,,,,,,,,,,,,,,,,,,,,,,,,,,,,,,,,,,,,,,,,,,,,,
2499047449,72,28,1,10,40,v046no35g7ebk8lytdjmfb43,1,0,0,2023-01-21T08:57:15.155Z,2023-01-21T09:04:41Z,3986738269,233,106,3986738265,55,71,,,,,,,,,,,,,,,,,,,,,,,,,,,,,,,,,,,,,,,,,,,,,,,,,,,,,,
2499047437,106,28,1,10,40,c33jm806py6adse5wv9wx6ch1,1,0,0,2023-01-21T08:57:15.155Z,2023-01-21T08:57:32Z,3986738275,233,72,3986738241,55,105,,,,,,,,,,,,,,,,,,,,,,,,,,,,,,,,,,,,,,,,,,,,,,,,,,,,,,
2499047523,73,68,1,10,50,v046no35g7ebk8lytdjmfb43,1,0,0,2023-01-21T08:57:25.278Z,2023-01-21T15:19:27Z,,,,,,,,,,,,,,,,,,,,,,,,,,,,,,,,,,,,,,,,,,,,,,,,,,,,,,,,,,,,
2499047521,110,68,1,10,50,c33jm806py6adse5wv9wx6ch1,0,0,0,2023-01-21T08:57:25.619Z,2023-01-21T08:57:26Z,,,,,,,,,,,,,,,,,,,,,,,,,,,,,,,,,,,,,,,,,,,,,,,,,,,,,,,,,,,,
2499047533,74,1,1,10,59,v046no35g7ebk8lytdjmfb43,0,13.8,29.4,2023-01-21T08:57:34.383Z,2023-01-21T08:57:39Z,3986738849,1,,3986738841,140,68.9,3986738837,157,,3986738845,212,57.9,3986738847,213,0.1,3986738839,56,Center,3986738843,141,34.2,,,,cb0y1hi0ozn1rx00vx6a1xr6x,J. Holmes,,,,,,,,,,,,,,,,,,,,,,,,,,,,,,,,,,
2499047531,111,44,1,11,2,c33jm806py6adse5wv9wx6ch1,1,33.1,66.8,2023-01-21T08:57:37.441Z,2023-01-21T08:57:39Z,3986738835,285,,3986738871,233,75,3986738833,56,Back,,,,,,,,,,,,,,,,bdo2grdx1mgm63gii3zar50id,T. Lam,,,,,,,,,,,,,,,,,,,,,,,,,,,,,,,,,,
2499047537,75,44,1,11,2,v046no35g7ebk8lytdjmfb43,0,66.9,33.2,2023-01-21T08:57:37.442Z,2023-01-21T08:57:39Z,3986738867,56,Center,3986738875,233,111,3986738869,286,,,,,,,,,,,,,,,,,uyhh5u2ezau9f095symdh3sa,C. Armiento,,,,,,,,,,,,,,,,,,,,,,,,,,,,,,,,,,
2499047535,112,1,1,11,2,c33jm806py6adse5wv9wx6ch1,1,35.1,66.7,2023-01-21T08:57:37.890Z,2023-01-21T08:57:38Z,3986738863,213,1.1,3986738853,3,,3986738857,140,37.8,3986738855,56,Back,3986738861,212,5.8,3986738859,141,74.1,,,,,,,bdo2grdx1mgm63gii3zar50id,T. Lam,,,,,,,,,,,,,,,,,,,,,,,,,,,,,,,,,,
2499047539,113,1,1,11,3,c33jm806py6adse5wv9wx6ch1,0,37.8,74.1,2023-01-21T08:57:38.818Z,2023-01-21T08:57:41Z,3986738883,140,28.3,3986738887,212,21.1,3986738885,141,100.0,3986738889,213,2.1,3986738879,3,,3986738881,56,Back,,,,,,,446scvw0ckoxnvnsqcqocve1h,V. Berisha,,,,,,,,,,,,,,,,,,,,,,,,,,,,,,,,,,
2499047545,76,5,1,11,6,v046no35g7ebk8lytdjmfb43,1,71.6,-1.2,2023-01-21T08:57:41.319Z,2023-01-21T09:04:43Z,3986738907,347,,3986738909,233,114,3986738905,56,Right,,,,,,,,,,,,,,,,uyhh5u2ezau9f095symdh3sa,C. Armiento,,,,,,,,,,,,,,,,,,,,,,,,,,,,,,,,,,
2499047541,114,5,1,11,6,c33jm806py6adse5wv9wx6ch1,0,28.4,101.2,2023-01-21T08:57:41.319Z,2023-01-21T08:57:49Z,3986738891,56,Back,3986738893,347,,3986738917,233,76,,,,,,,,,,,,,,,,446scvw0ckoxnvnsqcqocve1h,V. Berisha,,,,,,,,,,,,,,,,,,,,,,,,,,,,,,,,,,
2499047549,77,1,1,11,13,v046no35g7ebk8lytdjmfb43,1,75.7,0,2023-01-21T08:57:48.382Z,2023-01-21T08:57:50Z,3986738921,107,,3986738925,140,61.1,3986738931,213,2.8,3986738927,141,7.0,3986738923,56,Right,3986738929,212,16.3,,,,,,,4gn22fnshsmgxyayuj2p77v85,J. Hingert,,,,,,,,,,,,,,,,,,,,,,,,,,,,,,,,,,
2499047553,78,1,1,11,15,v046no35g7ebk8lytdjmfb43,1,61.1,13.2,2023-01-21T08:57:50.254Z,2023-01-21T08:57:53Z,3986738943,212,12.3,3986738939,140,56.4,3986738941,141,29.7,3986738945,213,2.0,3986738937,56,Center,,,,,,,,,,7mgwfxva7w88k90jhjd1wx3o5,S. Neville,,,,,,,,,,,,,,,,,,,,,,,,,,,,,,,,,,
2499047555,79,1,1,11,16,v046no35g7ebk8lytdjmfb43,0,55,32.6,2023-01-21T08:57:51.437Z,2023-01-21T09:43:28Z,3986738957,213,5.6,3986738953,141,26.0,3986738949,56,Center,3986738951,140,60.4,3986738955,212,7.2,,,,,,,,,,dhnssdf1iuorniavvla5zbwx6,K. Trewin,,,,,,,,,,,,,,,,,,,,,,,,,,,,,,,,,,
2499047551,115,49,1,11,17,c33jm806py6adse5wv9wx6ch1,1,43.8,83.3,2023-01-21T08:57:52.450Z,2023-01-21T08:57:52Z,,,,,,,,,,,,,,,,,,,,,,,,,7cdvlgpi8g3e8ttspzvr1k251,M. Leckie,,,,,,,,,,,,,,,,,,,,,,,,,,,,,,,,,,
2499047565,116,1,1,11,18,c33jm806py6adse5wv9wx6ch1,1,44.3,77.8,2023-01-21T08:57:53.090Z,2023-01-21T08:58:00Z,3986738983,212,19.5,3986738977,56,Back,3986738985,213,4.9,3986738979,140,47.9,3986738981,141,49.7,,,,,,,,,,7cdvlgpi8g3e8ttspzvr1k251,M. Leckie,,,,,,,,,,,,,,,,,,,,,,,,,,,,,,,,,,
2499198723,756,45,1,11,20,v046no35g7ebk8lytdjmfb43,0,55.8,47.3,2023-01-21T08:57:56.011Z,2023-01-21T15:33:51Z,3987530789,285,,3987530787,56,Center,3987630637,233,1053,,,,,,,,,,,,,,,,dhnssdf1iuorniavvla5zbwx6,K. Trewin,,,,,,,,,,,,,,,,,,,,,,,,,,,,,,,,,,
2499198713,1053,3,1,11,20,c33jm806py6adse5wv9wx6ch1,1,44.2,52.7,2023-01-21T08:57:56.011Z,2023-01-21T15:33:51Z,3987531943,464,,3987630603,233,756,3987530741,286,,3987530737,56,Back,,,,,,,,,,,,,c00r3yls3lf245nbo93m9d6cq,M. Tilio,,,,,,,,,,,,,,,,,,,,,,,,,,,,,,,,,,
2499047567,117,1,1,11,24,c33jm806py6adse5wv9wx6ch1,0,60.5,88.4,2023-01-21T08:58:00.048Z,2023-01-21T09:44:25Z,3986755409,236,,3986739061,141,89.0,3986739065,213,0.3,3986755411,233,356,3986755415,286,,3986739063,212,1.3,3986739059,140,61.7,3986738989,56,Left,c00r3yls3lf245nbo93m9d6cq,M. Tilio,,,,,,,,,,,,,,,,,,,,,,,,,,,,,,,,,,
2499050113,356,74,1,11,25,v046no35g7ebk8lytdjmfb43,1,39.9,9.8,2023-01-21T08:58:00.049Z,2023-01-21T09:44:25Z,3986755401,56,Back,3986755425,233,117,3986755403,285,,,,,,,,,,,,,,,,,4gn22fnshsmgxyayuj2p77v85,J. Hingert,,,,,,,,,,,,,,,,,,,,,,,,,,,,,,,,,,
2499047569,80,49,1,11,28,v046no35g7ebk8lytdjmfb43,1,13.5,32.2,2023-01-21T08:58:03.550Z,2023-01-21T08:58:03Z,,,,,,,,,,,,,,,,,,,,,,,,,ez47kkcz2wgypddldq97yz2dx,C. Chapman,,,,,,,,,,,,,,,,,,,,,,,,,,,,,,,,,,
2499047571,81,1,1,11,31,v046no35g7ebk8lytdjmfb43,1,10.2,8.9,2023-01-21T08:58:06.351Z,2023-01-21T08:58:10Z,3986738995,155,,3986739005,213,0.1,3986738999,140,38.2,3986739001,141,11.4,3986739003,212,29.4,3986738997,56,Back,,,,,,,ez47kkcz2wgypddldq97yz2dx,C. Chapman,,,,,,,,,,,,,,,,,,,,,,,,,,,,,,,,,,
2499047573,82,1,1,11,33,v046no35g7ebk8lytdjmfb43,0,34.2,15.5,2023-01-21T08:58:08.638Z,2023-01-21T15:20:27Z,3986739011,140,35.6,3986739015,212,4.6,3986739009,56,Back,3986739017,213,5.0,3986739025,233,118,3986739013,141,9.1,,,,,,,4s2umn33b5fo5zcpkwjcbry7d,J. Knowles,,,,,,,,,,,,,,,,,,,,,,,,,,,,,,,,,,
2499047581,119,61,1,11,33,c33jm806py6adse5wv9wx6ch1,0,61.1,95.3,2023-01-21T08:58:08.641Z,2023-01-21T09:00:30Z,3986739047,56,Left,,,,,,,,,,,,,,,,,,,,,,446scvw0ckoxnvnsqcqocve1h,V. Berisha,,,,,,,,,,,,,,,,,,,,,,,,,,,,,,,,,,
2499047577,83,1,1,11,35,v046no35g7ebk8lytdjmfb43,0,42.3,16.4,2023-01-21T08:58:10.586Z,2023-01-21T09:00:24Z,3986739521,236,,3986739041,212,0.8,3986739035,56,Back,3986739539,233,118,3986739037,140,41.8,3986739043,213,3.9,3986739523,286,,3986739039,141,15.6,abfwfqsv8o9xsnkor896869cl,J. O'Shea,,,,,,,,,,,,,,,,,,,,,,,,,,,,,,,,,,
2499047575,118,74,1,11,35,c33jm806py6adse5wv9wx6ch1,1,65.3,92.6,2023-01-21T08:58:10.587Z,2023-01-21T09:04:45Z,3986739031,233,83,3986739021,285,,3986739019,56,Left,,,,,,,,,,,,,,,,446scvw0ckoxnvnsqcqocve1h,V. Berisha,,,,,,,,,,,,,,,,,,,,,,,,,,,,,,,,,,
2499047579,84,61,1,11,39,v046no35g7ebk8lytdjmfb43,1,40.2,28.8,2023-01-21T08:58:14.447Z,2023-01-21T09:44:52Z,3986739045,56,Back,,,,,,,,,,,,,,,,,,,,,,4s2umn33b5fo5zcpkwjcbry7d,J. Knowles,,,,,,,,,,,,,,,,,,,,,,,,,,,,,,,,,,
2499047591,85,1,1,11,41,v046no35g7ebk8lytdjmfb43,1,57.6,51.2,2023-01-21T08:58:16.813Z,2023-01-21T08:58:26Z,3986739075,56,Left,3986739079,141,90.8,3986739081,212,28.1,3986739083,213,1.3,3986739077,140,65.2,,,,,,,,,,dhnssdf1iuorniavvla5zbwx6,K. Trewin,,,,,,,,,,,,,,,,,,,,,,,,,,,,,,,,,,
2499047593,86,50,1,11,51,v046no35g7ebk8lytdjmfb43,1,88.7,95,2023-01-21T08:58:26.751Z,2023-01-21T08:58:29Z,3986739087,56,Left,3986739089,286,,3986739105,233,120,,,,,,,,,,,,,,,,bhl2kwvi52osrdsdnbtw45lyi,J. Courtney-Perkins,,,,,,,,,,,,,,,,,,,,,,,,,,,,,,,,,,
2499047595,120,7,1,11,51,c33jm806py6adse5wv9wx6ch1,1,11.3,5,2023-01-21T08:58:26.752Z,2023-01-21T15:20:59Z,3986739101,233,86,3986739093,56,Back,3986739091,167,,3986739095,285,,3987538451,385,,,,,,,,,,,cqoz8o1pse9uspkqvq3cmges5,S. Galloway,,,,,,,,,,,,,,,,,,,,,,,,,,,,,,,,,,
2499047599,87,5,1,11,53,v046no35g7ebk8lytdjmfb43,1,88.3,101.4,2023-01-21T08:58:28.627Z,2023-01-21T09:04:43Z,3986739115,233,121,3986739111,347,,3986739109,56,Left,,,,,,,,,,,,,,,,bhl2kwvi52osrdsdnbtw45lyi,J. Courtney-Perkins,,,,,,,,,,,,,,,,,,,,,,,,,,,,,,,,,,
2499047597,121,5,1,11,53,c33jm806py6adse5wv9wx6ch1,0,11.7,-1.4,2023-01-21T08:58:28.627Z,2023-01-21T08:58:31Z,3986739097,56,Back,3986739099,347,,3986739119,233,87,,,,,,,,,,,,,,,,cqoz8o1pse9uspkqvq3cmges5,S. Galloway,,,,,,,,,,,,,,,,,,,,,,,,,,,,,,,,,,
2499047605,88,1,1,12,4,v046no35g7ebk8lytdjmfb43,1,87,100,2023-01-21T08:58:39.182Z,2023-01-21T08:58:41Z,3986739135,56,Left,3986739141,212,7.3,3986739139,141,92.3,3986739143,213,5.2,3986739133,107,,3986739137,140,90.3,,,,,,,bhl2kwvi52osrdsdnbtw45lyi,J. Courtney-Perkins,,,,,,,,,,,,,,,,,,,,,,,,,,,,,,,,,,
2499047607,89,1,1,12,5,v046no35g7ebk8lytdjmfb43,1,89.3,92.6,2023-01-21T08:58:41.005Z,2023-01-21T08:58:42Z,3986739155,213,2.4,3986739151,141,98.3,3986739153,212,6.0,3986739147,56,Left,3986739149,140,84.9,,,,,,,,,,abfwfqsv8o9xsnkor896869cl,J. O'Shea,,,,,,,,,,,,,,,,,,,,,,,,,,,,,,,,,,
2499047609,90,1,1,12,7,v046no35g7ebk8lytdjmfb43,1,82.1,98.4,2023-01-21T08:58:42.558Z,2023-01-21T08:58:45Z,3986739167,213,3.4,3986739163,141,91.5,3986739159,56,Left,3986739161,140,62.7,3986739165,212,20.9,,,,,,,,,,bhl2kwvi52osrdsdnbtw45lyi,J. Courtney-Perkins,,,,,,,,,,,,,,,,,,,,,,,,,,,,,,,,,,
2499047611,91,1,1,12,10,v046no35g7ebk8lytdjmfb43,1,64,86.9,2023-01-21T08:58:45.597Z,2023-01-21T08:58:48Z,3986739179,213,4.3,3986739173,140,58.5,3986739177,212,15.0,3986739175,141,66.6,3986739171,56,Center,,,,,,,,,,6jri9zzc1ccwcof95srv8h4pg,L. Zabala,,,,,,,,,,,,,,,,,,,,,,,,,,,,,,,,,,
2499200543,757,3,1,12,13,v046no35g7ebk8lytdjmfb43,0,64.5,74.9,2023-01-21T08:58:48.345Z,2023-01-21T15:21:20Z,3987540449,465,,3987540451,467,bcytv86dp6kqrsosu6gck9q7d,3987540445,56,Center,3987540447,286,,,,,,,,,,,,,,3zl5ec82f8zebkxkfdz16e3th,T. Aldred,,,,,,,,,,,,,,,,,,,,,,,,,,,,,,,,,,
2499047613,92,43,1,12,13,v046no35g7ebk8lytdjmfb43,1,0,0,2023-01-21T08:58:48.558Z,2023-01-21T08:58:53Z,3986739183,56,Center,3986739185,286,0,3986739201,144,3,,,,,,,,,,,,,,,,3zl5ec82f8zebkxkfdz16e3th,T. Aldred,,,,,,,,,,,,,,,,,,,,,,,,,,,,,,,,,,
2499047615,93,4,1,12,14,v046no35g7ebk8lytdjmfb43,1,68.6,70.4,2023-01-21T08:58:49.838Z,2023-01-21T08:58:54Z,3986739213,233,122,3986739191,152,,3986739195,286,,3986739193,265,,3986739189,56,Center,3986739187,13,,,,,,,,3zl5ec82f8zebkxkfdz16e3th,T. Aldred,,,,,,,,,,,,,,,,,,,,,,,,,,,,,,,,,,
2499047619,122,4,1,12,14,c33jm806py6adse5wv9wx6ch1,0,31.4,29.6,2023-01-21T08:58:49.839Z,2023-01-21T08:58:54Z,3986739209,265,,3986739217,233,93,3986739205,56,Back,3986739207,152,,3986739211,285,,3986739203,13,,,,,,,,bcytv86dp6kqrsosu6gck9q7d,A. O'Neill,,,,,,,,,,,,,,,,,,,,,,,,,,,,,,,,,,
2499047651,94,1,1,12,51,v046no35g7ebk8lytdjmfb43,0,68.3,68.7,2023-01-21T08:59:26.717Z,2023-01-21T08:59:32Z,3986739303,213,5.6,3986739291,155,,3986739295,56,Center,3986739297,140,100.0,3986739293,152,,3986739289,5,,3986739301,212,44.9,3986739299,141,26.4,uyhh5u2ezau9f095symdh3sa,C. Armiento,,3986739305,1,,,,,,,,,,,,,,,,,,,,,,,,,,,,,,,
2499047653,95,5,1,12,55,v046no35g7ebk8lytdjmfb43,0,101.1,29.2,2023-01-21T08:59:30.578Z,2023-01-21T09:04:43Z,3986739309,346,,3986739315,233,123,3986739307,56,Center,,,,,,,,,,,,,,,,uyhh5u2ezau9f095symdh3sa,C. Armiento,,,,,,,,,,,,,,,,,,,,,,,,,,,,,,,,,,
2499047647,123,5,1,12,55,c33jm806py6adse5wv9wx6ch1,1,-1.1,70.8,2023-01-21T08:59:30.578Z,2023-01-21T08:59:32Z,3986739283,346,,3986739281,56,Back,3986739311,233,95,,,,,,,,,,,,,,,,bcytv86dp6kqrsosu6gck9q7d,A. O'Neill,,,,,,,,,,,,,,,,,,,,,,,,,,,,,,,,,,
2499047659,124,1,1,13,15,c33jm806py6adse5wv9wx6ch1,1,4.1,56.6,2023-01-21T08:59:50.353Z,2023-01-21T15:22:00Z,3986739335,140,9.3,3986739331,124,,3986739341,213,1.2,3987546099,189,,3986739345,237,,3986739339,212,15.8,3986739333,56,Back,3986739337,141,78.4,77gcx1qotysu9hbi2hw2gjsvd,T. Glover,,,,,,,,,,,,,,,,,,,,,,,,,,,,,,,,,,
2499047663,125,1,1,13,19,c33jm806py6adse5wv9wx6ch1,1,13.2,98.3,2023-01-21T08:59:54.609Z,2023-01-21T09:00:58Z,3986739355,141,95.0,3986739351,56,Back,3986739353,140,25.4,3986739357,212,13.0,3986739359,213,6.1,,,,,,,,,,dnpala3bol8svyc2awng6iv9x,C. Good,,,,,,,,,,,,,,,,,,,,,,,,,,,,,,,,,,
2499047665,126,50,1,13,23,c33jm806py6adse5wv9wx6ch1,1,28.9,89,2023-01-21T08:59:58.145Z,2023-01-21T09:00:01Z,3986739363,285,,3986739383,233,96,3986739361,56,Back,,,,,,,,,,,,,,,,7cdvlgpi8g3e8ttspzvr1k251,M. Leckie,,,,,,,,,,,,,,,,,,,,,,,,,,,,,,,,,,
2499047669,96,7,1,13,23,v046no35g7ebk8lytdjmfb43,1,71.1,11,2023-01-21T08:59:58.146Z,2023-01-21T15:22:09Z,3986739375,233,126,3986739371,56,Right,3986739373,286,,3987547249,383,,,,,,,,,,,,,,4gn22fnshsmgxyayuj2p77v85,J. Hingert,,,,,,,,,,,,,,,,,,,,,,,,,,,,,,,,,,
2499047677,97,1,1,13,25,v046no35g7ebk8lytdjmfb43,1,67,12.3,2023-01-21T09:00:01.038Z,2023-01-21T09:00:04Z,3986739391,56,Right,3986739395,141,15.2,3986739397,212,6.9,3986739393,140,73.3,3986739399,213,0.3,,,,,,,,,,4gn22fnshsmgxyayuj2p77v85,J. Hingert,,,,,,,,,,,,,,,,,,,,,,,,,,,,,,,,,,
2499047679,98,49,1,13,29,v046no35g7ebk8lytdjmfb43,1,73.7,15.2,2023-01-21T09:00:04.270Z,2023-01-21T09:00:04Z,,,,,,,,,,,,,,,,,,,,,,,,,4s2umn33b5fo5zcpkwjcbry7d,J. Knowles,,,,,,,,,,,,,,,,,,,,,,,,,,,,,,,,,,
2499047681,99,1,1,13,29,v046no35g7ebk8lytdjmfb43,1,73.7,15.2,2023-01-21T09:00:04.429Z,2023-01-21T09:00:05Z,3986739409,212,6.2,3986739405,140,68.3,3986739407,141,11.4,3986739411,213,3.6,3986739403,56,Right,,,,,,,,,,4s2umn33b5fo5zcpkwjcbry7d,J. Knowles,,,,,,,,,,,,,,,,,,,,,,,,,,,,,,,,,,
2499047687,100,1,1,13,30,v046no35g7ebk8lytdjmfb43,1,68.3,11.4,2023-01-21T09:00:05.325Z,2023-01-21T09:00:07Z,3986739429,212,11.2,3986739427,141,24.6,3986739423,56,Center,3986739425,140,61.9,3986739431,213,2.2,,,,,,,,,,4gn22fnshsmgxyayuj2p77v85,J. Hingert,,,,,,,,,,,,,,,,,,,,,,,,,,,,,,,,,,
2499047689,101,1,1,13,32,v046no35g7ebk8lytdjmfb43,1,61,25.8,2023-01-21T09:00:07.389Z,2023-01-21T09:00:10Z,3986739435,56,Back,3986739441,212,26.7,3986739439,141,58.7,3986739443,213,2.1,3986739437,140,47.1,,,,,,,,,,dhnssdf1iuorniavvla5zbwx6,K. Trewin,,,,,,,,,,,,,,,,,,,,,,,,,,,,,,,,,,
2499047695,102,1,1,13,35,v046no35g7ebk8lytdjmfb43,1,47.1,58.7,2023-01-21T09:00:10.478Z,2023-01-21T09:00:13Z,3986739463,212,36.0,3986739457,56,Left,3986739467,1,,3986739455,155,,3986739465,213,0.8,3986739459,140,70.8,3986739461,141,96.9,,,,ez47kkcz2wgypddldq97yz2dx,C. Chapman,,,,,,,,,,,,,,,,,,,,,,,,,,,,,,,,,,
2499047697,103,1,1,13,38,v046no35g7ebk8lytdjmfb43,0,71.2,97.2,2023-01-21T09:00:13.117Z,2023-01-21T09:00:15Z,3986739473,140,90.2,3986739477,212,21.2,3986739475,141,86.8,3986739479,213,5.9,3986739471,56,Left,,,,,,,,,,bhl2kwvi52osrdsdnbtw45lyi,J. Courtney-Perkins,,,,,,,,,,,,,,,,,,,,,,,,,,,,,,,,,,
2499047699,127,49,1,13,40,c33jm806py6adse5wv9wx6ch1,1,11.1,14.3,2023-01-21T09:00:15.202Z,2023-01-21T09:00:15Z,,,,,,,,,,,,,,,,,,,,,,,,,bdo2grdx1mgm63gii3zar50id,T. Lam,,,,,,,,,,,,,,,,,,,,,,,,,,,,,,,,,,
2499047703,128,1,1,13,40,c33jm806py6adse5wv9wx6ch1,1,11.1,14.3,2023-01-21T09:00:15.329Z,2023-01-21T09:00:18Z,3986739489,141,4.3,3986739493,213,5.8,3986739485,56,Back,3986739487,140,22.5,3986739491,212,13.8,,,,,,,,,,bdo2grdx1mgm63gii3zar50id,T. Lam,,,,,,,,,,,,,,,,,,,,,,,,,,,,,,,,,,
2499047705,129,1,1,13,42,c33jm806py6adse5wv9wx6ch1,0,24.4,2.3,2023-01-21T09:00:17.564Z,2023-01-21T15:22:53Z,3987552723,141,2.3,3987552727,213,0.0,3986739497,56,Back,3987552725,212,1.1,3987552721,140,25.4,,,,,,,,,,cqoz8o1pse9uspkqvq3cmges5,S. Galloway,,,,,,,,,,,,,,,,,,,,,,,,,,,,,,,,,,
2499047701,104,43,1,13,42,v046no35g7ebk8lytdjmfb43,1,0,0,2023-01-21T09:00:17.565Z,2023-01-21T15:23:08Z,3987554475,144,61,3986739481,56,Left,,,,,,,,,,,,,,,,,,,bhl2kwvi52osrdsdnbtw45lyi,J. Courtney-Perkins,,,,,,,,,,,,,,,,,,,,,,,,,,,,,,,,,,
2499047707,130,43,1,13,43,c33jm806py6adse5wv9wx6ch1,1,0,0,2023-01-21T09:00:18.882Z,2023-01-21T15:23:10Z,3987554613,144,61,3986739501,56,Back,,,,,,,,,,,,,,,,,,,cqoz8o1pse9uspkqvq3cmges5,S. Galloway,,,,,,,,,,,,,,,,,,,,,,,,,,,,,,,,,,
2499047709,105,49,1,13,44,v046no35g7ebk8lytdjmfb43,1,78.3,93.6,2023-01-21T09:00:19.997Z,2023-01-21T09:00:20Z,,,,,,,,,,,,,,,,,,,,,,,,,bhl2kwvi52osrdsdnbtw45lyi,J. Courtney-Perkins,,,,,,,,,,,,,,,,,,,,,,,,,,,,,,,,,,
2499047711,106,1,1,13,45,v046no35g7ebk8lytdjmfb43,0,78.3,93.6,2023-01-21T09:00:20.125Z,2023-01-21T09:00:21Z,3986739515,141,77.5,3986739519,213,4.4,3986739511,56,Center,3986739513,140,74.8,3986739517,212,11.5,,,,,,,,,,bhl2kwvi52osrdsdnbtw45lyi,J. Courtney-Perkins,,,,,,,,,,,,,,,,,,,,,,,,,,,,,,,,,,
2499047713,131,49,1,13,46,c33jm806py6adse5wv9wx6ch1,1,29.5,20.3,2023-01-21T09:00:21.058Z,2023-01-21T09:00:21Z,,,,,,,,,,,,,,,,,,,,,,,,,bcytv86dp6kqrsosu6gck9q7d,A. O'Neill,,,,,,,,,,,,,,,,,,,,,,,,,,,,,,,,,,
2499047715,132,1,1,13,46,c33jm806py6adse5wv9wx6ch1,1,29.5,20.3,2023-01-21T09:00:21.159Z,2023-01-21T09:00:23Z,3986739531,141,35.8,3986739535,213,1.2,3986739529,140,33.3,3986739533,212,11.3,3986739527,56,Back,,,,,,,,,,bcytv86dp6kqrsosu6gck9q7d,A. O'Neill,,,,,,,,,,,,,,,,,,,,,,,,,,,,,,,,,,
2499047721,133,1,1,13,48,c33jm806py6adse5wv9wx6ch1,1,34.6,33.3,2023-01-21T09:00:23.473Z,2023-01-21T09:00:29Z,3986739561,213,5.8,3986739551,155,,3986739555,140,64.2,3986739559,212,34.3,3986739557,141,11.9,3986739553,56,Right,3986739563,1,,,,,446scvw0ckoxnvnsqcqocve1h,V. Berisha,,,,,,,,,,,,,,,,,,,,,,,,,,,,,,,,,,
2499047723,134,61,1,13,54,c33jm806py6adse5wv9wx6ch1,0,67.7,8.3,2023-01-21T09:00:29.841Z,2023-01-21T09:00:30Z,3986739567,56,Right,,,,,,,,,,,,,,,,,,,,,,c00r3yls3lf245nbo93m9d6cq,M. Tilio,,,,,,,,,,,,,,,,,,,,,,,,,,,,,,,,,,
2499204079,758,49,1,13,55,v046no35g7ebk8lytdjmfb43,1,28.3,94.2,2023-01-21T09:00:30.123Z,2023-01-21T15:23:54Z,,,,,,,,,,,,,,,,,,,,,,,,,ez47kkcz2wgypddldq97yz2dx,C. Chapman,,,,,,,,,,,,,,,,,,,,,,,,,,,,,,,,,,
2499047725,107,4,1,13,57,v046no35g7ebk8lytdjmfb43,1,25.9,93,2023-01-21T09:00:32.493Z,2023-01-21T15:24:12Z,3986739571,56,Back,3986739569,13,,3987561813,265,,3986739589,233,135,3986739577,285,,3986739573,152,,,,,,,,ez47kkcz2wgypddldq97yz2dx,C. Chapman,,,,,,,,,,,,,,,,,,,,,,,,,,,,,,,,,,
2499047727,135,4,1,13,57,c33jm806py6adse5wv9wx6ch1,0,74.1,7,2023-01-21T09:00:32.494Z,2023-01-21T15:24:10Z,3987561651,265,,3986739579,13,,3986739593,233,107,3986739581,56,Right,3986739583,152,,3986739587,286,,,,,,,,c00r3yls3lf245nbo93m9d6cq,M. Tilio,,,,,,,,,,,,,,,,,,,,,,,,,,,,,,,,,,
2499047749,108,1,1,14,28,v046no35g7ebk8lytdjmfb43,1,21.9,93.6,2023-01-21T09:01:04.046Z,2023-01-21T15:24:23Z,3986739655,213,6.1,3986739645,152,,3986739641,5,,3986739651,141,81.7,3986739653,212,48.8,3986739643,157,,3986739657,1,,3986739647,56,Left,cb0y1hi0ozn1rx00vx6a1xr6x,J. Holmes,,3987563079,189,,3986739649,140,,,,,,,,,,,,,,,,,67.7,,,,,,,,,,,
2499047751,109,44,1,14,31,v046no35g7ebk8lytdjmfb43,1,67.8,80.8,2023-01-21T09:01:06.512Z,2023-01-21T09:01:08Z,3986739669,233,136,3986739661,56,Left,3986739663,286,,,,,,,,,,,,,,,,,4s2umn33b5fo5zcpkwjcbry7d,J. Knowles,,,,,,,,,,,,,,,,,,,,,,,,,,,,,,,,,,
2499047747,136,44,1,14,31,c33jm806py6adse5wv9wx6ch1,0,32.2,19.2,2023-01-21T09:01:06.513Z,2023-01-21T09:01:08Z,3986739637,285,,3986739635,56,Back,3986739675,233,109,,,,,,,,,,,,,,,,bdo2grdx1mgm63gii3zar50id,T. Lam,,,,,,,,,,,,,,,,,,,,,,,,,,,,,,,,,,
2499047755,110,1,1,14,31,v046no35g7ebk8lytdjmfb43,0,69.6,81.1,2023-01-21T09:01:06.917Z,2023-01-21T17:25:15Z,3986739681,56,Center,3986739685,141,67.3,3986739691,156,,3986739679,3,,3986739689,213,4.0,3986739687,212,12.0,3986739683,140,62.5,,,,4s2umn33b5fo5zcpkwjcbry7d,J. Knowles,,,,,,,,,,,,,,,,,,,,,,,,,,,,,,,,,,
2499047757,137,1,1,14,34,c33jm806py6adse5wv9wx6ch1,1,34.9,33.4,2023-01-21T09:01:09.425Z,2023-01-21T09:01:13Z,3986739703,213,2.9,3986739695,56,Back,3986739697,140,15.4,3986739693,3,,3986739699,141,41.0,3986739701,212,21.1,,,,,,,bcytv86dp6kqrsosu6gck9q7d,A. O'Neill,,,,,,,,,,,,,,,,,,,,,,,,,,,,,,,,,,
2499047759,138,1,1,14,38,c33jm806py6adse5wv9wx6ch1,0,15.4,41,2023-01-21T09:01:13.249Z,2023-01-21T09:37:04Z,3986739715,212,1.5,3986739711,140,16.6,3986739707,157,,3986739713,141,42.2,3986739717,213,0.6,3986739729,236,,3986739719,1,,3986739731,233,111,dnpala3bol8svyc2awng6iv9x,C. Good,,3986739709,56,Back,3986739735,286,,,,,,,,,,,,,,,,,,,,,,,,,,,,
2499047763,111,74,1,14,38,v046no35g7ebk8lytdjmfb43,1,84.9,51.6,2023-01-21T09:01:13.250Z,2023-01-21T09:42:55Z,3986739725,56,Center,3986739727,285,,3986739737,233,138,,,,,,,,,,,,,,,,abfwfqsv8o9xsnkor896869cl,J. O'Shea,,,,,,,,,,,,,,,,,,,,,,,,,,,,,,,,,,
2499047765,112,1,1,14,40,v046no35g7ebk8lytdjmfb43,0,81.2,46,2023-01-21T09:01:15.685Z,2023-01-21T09:02:49Z,3986740245,212,6.6,3986740241,140,86.2,3986740243,141,51.8,3986739741,56,Center,3986740247,213,0.6,,,,,,,,,,4gn22fnshsmgxyayuj2p77v85,J. Hingert,,,,,,,,,,,,,,,,,,,,,,,,,,,,,,,,,,
2499047767,139,49,1,14,41,c33jm806py6adse5wv9wx6ch1,1,13,51,2023-01-21T09:01:16.576Z,2023-01-21T09:37:36Z,,,,,,,,,,,,,,,,,,,,,,,,,dnpala3bol8svyc2awng6iv9x,C. Good,,,,,,,,,,,,,,,,,,,,,,,,,,,,,,,,,,
2499047769,140,1,1,14,41,c33jm806py6adse5wv9wx6ch1,1,13,51,2023-01-21T09:01:16.673Z,2023-01-21T09:01:17Z,3986739743,56,Back,3986739747,141,53.1,3986739749,212,13.6,3986739745,140,25.9,3986739751,213,0.1,,,,,,,,,,dnpala3bol8svyc2awng6iv9x,C. Good,,,,,,,,,,,,,,,,,,,,,,,,,,,,,,,,,,
2499047771,141,1,1,14,42,c33jm806py6adse5wv9wx6ch1,1,25.9,53.1,2023-01-21T09:01:17.377Z,2023-01-21T09:01:19Z,3986739763,212,11.8,3986739757,56,Back,3986739765,213,5.9,3986739759,140,36.2,3986739761,141,46.3,,,,,,,,,,446scvw0ckoxnvnsqcqocve1h,V. Berisha,,,,,,,,,,,,,,,,,,,,,,,,,,,,,,,,,,
2499047773,142,1,1,14,45,c33jm806py6adse5wv9wx6ch1,1,43.2,31.2,2023-01-21T09:01:20.049Z,2023-01-21T09:01:23Z,3986739781,212,17.6,3986739779,141,5.3,3986739775,56,Back,3986739777,140,44.0,3986739783,213,4.8,,,,,,,,,,7cdvlgpi8g3e8ttspzvr1k251,M. Leckie,,,,,,,,,,,,,,,,,,,,,,,,,,,,,,,,,,
2499047775,143,1,1,14,48,c33jm806py6adse5wv9wx6ch1,1,47.8,2.9,2023-01-21T09:01:23.440Z,2023-01-21T09:01:25Z,3986739789,140,61.5,3986739793,212,14.4,3986739791,141,2.6,3986739795,213,6.3,3986739787,56,Right,,,,,,,,,,cqoz8o1pse9uspkqvq3cmges5,S. Galloway,,,,,,,,,,,,,,,,,,,,,,,,,,,,,,,,,,
2499047779,144,1,1,14,49,c33jm806py6adse5wv9wx6ch1,1,62.6,3.7,2023-01-21T09:01:24.913Z,2023-01-21T09:01:27Z,3986739807,141,4.1,3986739811,213,3.1,3986739803,56,Right,3986739809,212,7.3,3986739805,140,55.7,,,,,,,,,,c00r3yls3lf245nbo93m9d6cq,M. Tilio,,,,,,,,,,,,,,,,,,,,,,,,,,,,,,,,,,
2499047781,145,1,1,14,52,c33jm806py6adse5wv9wx6ch1,1,58.2,6.8,2023-01-21T09:01:27.168Z,2023-01-21T09:01:30Z,3986739817,140,43.7,3986739821,212,18.5,3986739815,56,Back,3986739823,213,2.5,3986739819,141,22.2,,,,,,,,,,cqoz8o1pse9uspkqvq3cmges5,S. Galloway,,,,,,,,,,,,,,,,,,,,,,,,,,,,,,,,,,
2499047783,146,1,1,14,55,c33jm806py6adse5wv9wx6ch1,1,43.6,22.2,2023-01-21T09:01:30.321Z,2023-01-21T09:01:39Z,3986739831,141,55.5,3986739835,213,1.8,3986739829,140,37.7,3986739827,56,Back,3986739833,212,23.5,,,,,,,,,,bdo2grdx1mgm63gii3zar50id,T. Lam,,,,,,,,,,,,,,,,,,,,,,,,,,,,,,,,,,
2499047787,147,1,1,15,4,c33jm806py6adse5wv9wx6ch1,1,44.2,63.3,2023-01-21T09:01:39.184Z,2023-01-21T09:01:40Z,3986739851,212,28.1,3986739845,56,Back,3986739847,140,36.8,3986739853,213,4.4,3986739849,141,23.6,,,,,,,,,,dnpala3bol8svyc2awng6iv9x,C. Good,,,,,,,,,,,,,,,,,,,,,,,,,,,,,,,,,,
2499047791,148,1,1,15,5,c33jm806py6adse5wv9wx6ch1,1,36.8,23.6,2023-01-21T09:01:40.337Z,2023-01-21T09:01:41Z,3986739869,212,16.6,3986739865,140,46.5,3986739871,213,5.4,3986739867,141,4.3,3986739863,56,Back,,,,,,,,,,bdo2grdx1mgm63gii3zar50id,T. Lam,,,,,,,,,,,,,,,,,,,,,,,,,,,,,,,,,,
2499047793,149,1,1,15,6,c33jm806py6adse5wv9wx6ch1,1,46.5,4.3,2023-01-21T09:01:41.521Z,2023-01-21T09:01:42Z,3986739875,56,Back,3986739881,212,9.2,3986739879,141,17.4,3986739883,213,1.3,3986739877,140,48.8,,,,,,,,,,cqoz8o1pse9uspkqvq3cmges5,S. Galloway,,,,,,,,,,,,,,,,,,,,,,,,,,,,,,,,,,
2499047795,150,1,1,15,7,c33jm806py6adse5wv9wx6ch1,0,48.8,17.4,2023-01-21T09:01:42.240Z,2023-01-21T09:03:25Z,3986739895,212,11.6,3986739891,140,59.5,3986739889,56,Right,3986739893,141,13.4,3986739897,213,6.0,,,,,,,,,,bcytv86dp6kqrsosu6gck9q7d,A. O'Neill,,,,,,,,,,,,,,,,,,,,,,,,,,,,,,,,,,
2499047797,151,43,1,15,8,c33jm806py6adse5wv9wx6ch1,1,0,0,2023-01-21T09:01:43.985Z,2023-01-21T09:03:28Z,3986740537,144,61,3986739901,56,Right,,,,,,,,,,,,,,,,,,,7q8urr40blud747zzb3io8w5x,R. van der Venne,,,,,,,,,,,,,,,,,,,,,,,,,,,,,,,,,,
2499047799,113,49,1,15,9,v046no35g7ebk8lytdjmfb43,1,35.2,91.4,2023-01-21T09:01:44.268Z,2023-01-21T09:01:44Z,,,,,,,,,,,,,,,,,,,,,,,,,ez47kkcz2wgypddldq97yz2dx,C. Chapman,,,,,,,,,,,,,,,,,,,,,,,,,,,,,,,,,,
2499047805,114,1,1,15,10,v046no35g7ebk8lytdjmfb43,1,34.2,91.2,2023-01-21T09:01:45.934Z,2023-01-21T09:01:48Z,3986739915,56,Left,3986739923,213,6.1,3986739919,141,84.7,3986739917,140,58.3,3986739921,212,25.7,3986739913,155,,,,,,,,ez47kkcz2wgypddldq97yz2dx,C. Chapman,,,,,,,,,,,,,,,,,,,,,,,,,,,,,,,,,,
2499047807,115,1,1,15,11,v046no35g7ebk8lytdjmfb43,0,64.3,86.5,2023-01-21T09:01:46.845Z,2023-01-21T09:42:20Z,3986739927,56,Left,3986739933,212,23.0,3986739929,140,85.7,3986739935,213,0.2,3986739931,141,93.5,,,,,,,,,,uyhh5u2ezau9f095symdh3sa,C. Armiento,,,,,,,,,,,,,,,,,,,,,,,,,,,,,,,,,,
2499047809,152,49,1,15,15,c33jm806py6adse5wv9wx6ch1,1,20.2,7.7,2023-01-21T09:01:50.433Z,2023-01-21T09:01:50Z,,,,,,,,,,,,,,,,,,,,,,,,,dnpala3bol8svyc2awng6iv9x,C. Good,,,,,,,,,,,,,,,,,,,,,,,,,,,,,,,,,,
2499047815,153,1,1,15,15,c33jm806py6adse5wv9wx6ch1,1,20.2,7.7,2023-01-21T09:01:50.737Z,2023-01-21T09:01:54Z,3986739957,213,2.3,3986739953,141,40.1,3986739949,56,Back,3986739951,140,2.9,3986739955,212,28.6,,,,,,,,,,dnpala3bol8svyc2awng6iv9x,C. Good,,,,,,,,,,,,,,,,,,,,,,,,,,,,,,,,,,
2499047817,154,1,1,15,18,c33jm806py6adse5wv9wx6ch1,1,4.3,44.2,2023-01-21T09:01:53.825Z,2023-01-21T09:01:57Z,3986739973,212,19.4,3986739969,140,11.2,3986739975,213,1.2,3986739967,56,Back,3986739971,141,70.6,,,,,,,,,,77gcx1qotysu9hbi2hw2gjsvd,T. Glover,,,,,,,,,,,,,,,,,,,,,,,,,,,,,,,,,,
2499047821,155,1,1,15,22,c33jm806py6adse5wv9wx6ch1,1,12.8,68.1,2023-01-21T09:01:57.136Z,2023-01-21T09:02:00Z,3986739985,140,39.8,3986739989,212,29.6,3986739991,213,6.0,3986739983,56,Back,3986739987,141,55.5,,,,,,,,,,8wbljx8706rh6uyhf8eegl1w5,S. Jamieson,,,,,,,,,,,,,,,,,,,,,,,,,,,,,,,,,,
2499047823,116,45,1,15,25,v046no35g7ebk8lytdjmfb43,0,64.2,48.3,2023-01-21T09:02:00.769Z,2023-01-21T09:02:06Z,3986740021,233,156,3986740025,285,,3986739995,56,Center,,,,,,,,,,,,,,,,dhnssdf1iuorniavvla5zbwx6,K. Trewin,,,,,,,,,,,,,,,,,,,,,,,,,,,,,,,,,,
2499047827,156,3,1,15,25,c33jm806py6adse5wv9wx6ch1,1,35.8,51.7,2023-01-21T09:02:00.769Z,2023-01-21T15:25:10Z,3986740011,233,116,3986740003,56,Back,3987569057,464,,3986740005,286,,,,,,,,,,,,,,7cdvlgpi8g3e8ttspzvr1k251,M. Leckie,,,,,,,,,,,,,,,,,,,,,,,,,,,,,,,,,,
2499047829,157,50,1,15,29,c33jm806py6adse5wv9wx6ch1,1,33.8,46.9,2023-01-21T09:02:04.635Z,2023-01-21T09:04:57Z,3986740007,56,Back,3986740031,233,117,3986740009,286,,,,,,,,,,,,,,,,,7cdvlgpi8g3e8ttspzvr1k251,M. Leckie,,,,,,,,,,,,,,,,,,,,,,,,,,,,,,,,,,
2499047825,117,7,1,15,29,v046no35g7ebk8lytdjmfb43,0,66.2,53.1,2023-01-21T09:02:04.636Z,2023-01-21T15:25:13Z,3986740043,285,,3986740039,233,157,3987569537,385,,3986739999,56,Center,,,,,,,,,,,,,abfwfqsv8o9xsnkor896869cl,J. O'Shea,,,,,,,,,,,,,,,,,,,,,,,,,,,,,,,,,,
2499047833,158,1,1,15,31,c33jm806py6adse5wv9wx6ch1,1,36.9,54.5,2023-01-21T09:02:07.041Z,2023-01-21T09:04:55Z,3986740045,56,Back,3986740051,212,10.2,3986740049,141,65.4,3986740053,213,0.8,3986740047,140,43.6,,,,,,,,,,bcytv86dp6kqrsosu6gck9q7d,A. O'Neill,,,,,,,,,,,,,,,,,,,,,,,,,,,,,,,,,,
2499047835,159,1,1,15,35,c33jm806py6adse5wv9wx6ch1,1,43.6,65.4,2023-01-21T09:02:10.289Z,2023-01-21T09:04:56Z,3986740057,56,Back,3986740063,212,11.4,3986740059,140,47.7,3986740061,141,80.9,3986740065,213,1.2,,,,,,,,,,7cdvlgpi8g3e8ttspzvr1k251,M. Leckie,,,,,,,,,,,,,,,,,,,,,,,,,,,,,,,,,,
2499047837,160,1,1,15,36,c33jm806py6adse5wv9wx6ch1,0,47.7,80.9,2023-01-21T09:02:11.120Z,2023-01-21T09:02:15Z,3986740077,213,0.1,3986740087,236,,3986740073,141,81.1,3986740089,233,118,3986740093,286,,3986740069,56,Back,3986740071,140,48.7,3986740075,212,1.1,446scvw0ckoxnvnsqcqocve1h,V. Berisha,,,,,,,,,,,,,,,,,,,,,,,,,,,,,,,,,,
2499047841,118,74,1,15,36,v046no35g7ebk8lytdjmfb43,1,54.7,27.3,2023-01-21T09:02:11.121Z,2023-01-21T09:04:46Z,3986740085,285,,3986740083,56,Center,3986740095,233,160,,,,,,,,,,,,,,,,4gn22fnshsmgxyayuj2p77v85,J. Hingert,,,,,,,,,,,,,,,,,,,,,,,,,,,,,,,,,,
2499047845,161,1,1,15,38,c33jm806py6adse5wv9wx6ch1,1,48.8,95.9,2023-01-21T09:02:13.328Z,2023-01-21T09:02:17Z,3986740109,141,84.7,3986740105,56,Back,3986740113,213,4.4,3986740111,212,8.0,3986740107,140,46.6,,,,,,,,,,8wbljx8706rh6uyhf8eegl1w5,S. Jamieson,,,,,,,,,,,,,,,,,,,,,,,,,,,,,,,,,,
2499047847,162,1,1,15,41,c33jm806py6adse5wv9wx6ch1,1,69.7,86.6,2023-01-21T09:02:16.912Z,2023-01-21T09:02:17Z,3986740119,140,60.0,3986740121,141,67.9,3986740117,56,Center,3986740125,213,4.0,3986740123,212,16.3,,,,,,,,,,446scvw0ckoxnvnsqcqocve1h,V. Berisha,,,,,,,,,,,,,,,,,,,,,,,,,,,,,,,,,,
2499047849,163,1,1,15,42,c33jm806py6adse5wv9wx6ch1,1,60,67.9,2023-01-21T09:02:17.616Z,2023-01-21T09:02:18Z,3986740131,140,54.3,3986740135,212,13.0,3986740129,56,Center,3986740137,213,4.2,3986740133,141,50.9,,,,,,,,,,7cdvlgpi8g3e8ttspzvr1k251,M. Leckie,,,,,,,,,,,,,,,,,,,,,,,,,,,,,,,,,,
2499047851,164,1,1,15,43,c33jm806py6adse5wv9wx6ch1,1,54.3,50.9,2023-01-21T09:02:18.528Z,2023-01-21T09:02:20Z,3986740141,56,Back,3986740145,141,58.1,3986740147,212,16.5,3986740143,140,39.3,3986740149,213,2.8,,,,,,,,,,bcytv86dp6kqrsosu6gck9q7d,A. O'Neill,,,,,,,,,,,,,,,,,,,,,,,,,,,,,,,,,,
2499047855,165,1,1,15,46,c33jm806py6adse5wv9wx6ch1,1,39.3,58.1,2023-01-21T09:02:21.248Z,2023-01-21T09:02:22Z,3986740165,212,24.3,3986740161,140,41.6,3986740159,56,Back,3986740163,141,22.5,3986740167,213,4.8,,,,,,,,,,dnpala3bol8svyc2awng6iv9x,C. Good,,,,,,,,,,,,,,,,,,,,,,,,,,,,,,,,,,
2499047857,166,1,1,15,47,c33jm806py6adse5wv9wx6ch1,1,41.6,22.5,2023-01-21T09:02:22.064Z,2023-01-21T09:02:24Z,3986740171,56,Back,3986740175,141,7.6,3986740177,212,10.9,3986740173,140,45.4,3986740179,213,5.1,,,,,,,,,,bdo2grdx1mgm63gii3zar50id,T. Lam,,,,,,,,,,,,,,,,,,,,,,,,,,,,,,,,,,
2499047859,167,1,1,15,48,c33jm806py6adse5wv9wx6ch1,1,45.4,7.6,2023-01-21T09:02:23.952Z,2023-01-21T09:02:25Z,3986740185,140,49.9,3986740189,212,5.8,3986740191,213,0.6,3986740183,56,Back,3986740187,141,12.5,,,,,,,,,,cqoz8o1pse9uspkqvq3cmges5,S. Galloway,,,,,,,,,,,,,,,,,,,,,,,,,,,,,,,,,,
2499047869,168,1,1,15,50,c33jm806py6adse5wv9wx6ch1,1,49.9,12.5,2023-01-21T09:02:25.200Z,2023-01-21T09:02:29Z,3986740213,212,14.1,3986740209,140,37.7,3986740215,213,3.6,3986740211,141,4.0,3986740207,56,Back,,,,,,,,,,7q8urr40blud747zzb3io8w5x,R. van der Venne,,,,,,,,,,,,,,,,,,,,,,,,,,,,,,,,,,
2499047873,169,1,1,15,54,c33jm806py6adse5wv9wx6ch1,1,33.6,5.8,2023-01-21T09:02:29.104Z,2023-01-21T09:02:31Z,3986740229,212,15.3,3986740227,141,24.9,3986740223,56,Back,3986740225,140,25.9,3986740231,213,2.1,,,,,,,,,,cqoz8o1pse9uspkqvq3cmges5,S. Galloway,,,,,,,,,,,,,,,,,,,,,,,,,,,,,,,,,,
2499047879,170,1,1,15,56,c33jm806py6adse5wv9wx6ch1,1,26.2,29.4,2023-01-21T09:02:31.873Z,2023-01-21T09:02:37Z,3986740261,213,2.6,3986740259,212,25.5,3986740255,140,5.5,3986740257,141,49.0,3986740253,56,Back,,,,,,,,,,bdo2grdx1mgm63gii3zar50id,T. Lam,,,,,,,,,,,,,,,,,,,,,,,,,,,,,,,,,,
2499047881,171,1,1,16,2,c33jm806py6adse5wv9wx6ch1,0,5.5,49,2023-01-21T09:02:37.408Z,2023-01-21T09:02:39Z,3986740269,140,39.5,3986740277,1,,3986740273,212,50.7,3986740265,155,,3986740271,141,100.0,3986740267,56,Back,3986740275,213,0.8,,,,77gcx1qotysu9hbi2hw2gjsvd,T. Glover,,,,,,,,,,,,,,,,,,,,,,,,,,,,,,,,,,
2499047887,119,5,1,16,4,v046no35g7ebk8lytdjmfb43,1,59.3,-1.6,2023-01-21T09:02:39.645Z,2023-01-21T09:04:44Z,3986740297,233,172,3986740293,56,Right,3986740295,347,,,,,,,,,,,,,,,,,4gn22fnshsmgxyayuj2p77v85,J. Hingert,,,,,,,,,,,,,,,,,,,,,,,,,,,,,,,,,,
2499047883,172,5,1,16,4,c33jm806py6adse5wv9wx6ch1,0,40.7,101.6,2023-01-21T09:02:39.645Z,2023-01-21T09:02:50Z,3986740279,56,Back,3986740281,347,,3986740301,233,119,,,,,,,,,,,,,,,,77gcx1qotysu9hbi2hw2gjsvd,T. Glover,,,,,,,,,,,,,,,,,,,,,,,,,,,,,,,,,,
2499047891,120,1,1,16,14,v046no35g7ebk8lytdjmfb43,1,56.4,0,2023-01-21T09:02:49.260Z,2023-01-21T15:25:47Z,3986740311,107,,3986740315,140,40.4,3986740321,213,2.9,3986740317,141,4.6,3986740313,56,Back,3986740319,212,17.3,,,,,,,4gn22fnshsmgxyayuj2p77v85,J. Hingert,,,,,,,,,,,,,,,,,,,,,,,,,,,,,,,,,,
2499047895,121,1,1,16,18,v046no35g7ebk8lytdjmfb43,1,43.2,25.5,2023-01-21T09:02:53.388Z,2023-01-21T09:02:56Z,3986740335,140,25.3,3986740341,213,2.1,3986740343,1,,3986740339,212,34.8,3986740337,141,68.5,3986740333,56,Back,,,,,,,7mgwfxva7w88k90jhjd1wx3o5,S. Neville,,,,,,,,,,,,,,,,,,,,,,,,,,,,,,,,,,
2499047897,122,1,1,16,21,v046no35g7ebk8lytdjmfb43,0,21.4,72.1,2023-01-21T09:02:56.636Z,2023-01-21T09:03:05Z,3986740347,56,Back,3986740353,212,20.8,3986740349,140,25.5,3986740395,233,173,3986740351,141,100.0,3986740355,213,1.4,,,,,,,ez47kkcz2wgypddldq97yz2dx,C. Chapman,,,,,,,,,,,,,,,,,,,,,,,,,,,,,,,,,,
2499047901,173,43,1,16,23,c33jm806py6adse5wv9wx6ch1,1,0,0,2023-01-21T09:02:58.208Z,2023-01-21T09:03:00Z,3986740377,233,122,3986740365,285,0,3986740363,56,Right,3986740385,144,74,,,,,,,,,,,,,c00r3yls3lf245nbo93m9d6cq,M. Tilio,,,,,,,,,,,,,,,,,,,,,,,,,,,,,,,,,,
2499047905,123,5,1,16,24,v046no35g7ebk8lytdjmfb43,0,30.5,101.7,2023-01-21T09:02:59.344Z,2023-01-21T09:04:44Z,3986740445,233,174,3986740391,56,Back,3986740393,347,,,,,,,,,,,,,,,,,ez47kkcz2wgypddldq97yz2dx,C. Chapman,,,,,,,,,,,,,,,,,,,,,,,,,,,,,,,,,,
2499047907,174,5,1,16,24,c33jm806py6adse5wv9wx6ch1,1,69.5,-1.7,2023-01-21T09:02:59.344Z,2023-01-21T09:03:07Z,3986740399,56,Right,3986740441,233,123,3986740401,347,,,,,,,,,,,,,,,,,c00r3yls3lf245nbo93m9d6cq,M. Tilio,,,,,,,,,,,,,,,,,,,,,,,,,,,,,,,,,,
2499047909,175,1,1,16,28,c33jm806py6adse5wv9wx6ch1,1,66.8,0,2023-01-21T09:03:03.617Z,2023-01-21T09:03:04Z,3986740411,56,Right,3986740415,141,6.2,3986740409,107,,3986740417,212,5.7,3986740413,140,65.9,3986740419,213,1.7,,,,,,,cqoz8o1pse9uspkqvq3cmges5,S. Galloway,,,,,,,,,,,,,,,,,,,,,,,,,,,,,,,,,,
2499047911,176,1,1,16,29,c33jm806py6adse5wv9wx6ch1,1,65.9,6.2,2023-01-21T09:03:04.560Z,2023-01-21T09:03:07Z,3986740435,213,3.9,3986740429,140,63.4,3986740431,141,2.5,3986740433,212,3.6,3986740427,56,Right,,,,,,,,,,7q8urr40blud747zzb3io8w5x,R. van der Venne,,,,,,,,,,,,,,,,,,,,,,,,,,,,,,,,,,
2499047913,177,1,1,16,31,c33jm806py6adse5wv9wx6ch1,1,61.9,3.8,2023-01-21T09:03:06.880Z,2023-01-21T09:03:07Z,3986740451,140,63.3,3986740455,212,2.5,3986740457,213,0.9,3986740453,141,6.7,3986740449,56,Right,,,,,,,,,,cqoz8o1pse9uspkqvq3cmges5,S. Galloway,,,,,,,,,,,,,,,,,,,,,,,,,,,,,,,,,,
2499047915,178,1,1,16,32,c33jm806py6adse5wv9wx6ch1,1,63.3,6.7,2023-01-21T09:03:07.408Z,2023-01-21T09:03:09Z,3986740465,141,5.3,3986740461,56,Right,3986740469,213,3.3,3986740463,140,56.7,3986740467,212,7.0,,,,,,,,,,7q8urr40blud747zzb3io8w5x,R. van der Venne,,,,,,,,,,,,,,,,,,,,,,,,,,,,,,,,,,
2499047917,179,1,1,16,33,c33jm806py6adse5wv9wx6ch1,1,57,9.5,2023-01-21T09:03:08.912Z,2023-01-21T09:03:11Z,3986740473,56,Back,3986740477,141,13.4,3986740475,140,43.6,3986740479,212,14.3,3986740481,213,3.0,,,,,,,,,,cqoz8o1pse9uspkqvq3cmges5,S. Galloway,,,,,,,,,,,,,,,,,,,,,,,,,,,,,,,,,,
2499047919,180,1,1,16,36,c33jm806py6adse5wv9wx6ch1,1,43.6,13.4,2023-01-21T09:03:11.216Z,2023-01-21T09:03:18Z,3986740487,140,39.1,3986740491,212,21.7,3986740489,141,44.5,3986740493,213,1.8,3986740485,56,Back,,,,,,,,,,bdo2grdx1mgm63gii3zar50id,T. Lam,,,,,,,,,,,,,,,,,,,,,,,,,,,,,,,,,,
2499047921,181,1,1,16,43,c33jm806py6adse5wv9wx6ch1,0,46.2,48.1,2023-01-21T09:03:18.736Z,2023-01-21T09:03:20Z,3986740511,1,,3986740501,56,Right,3986740505,141,0.0,3986740507,212,45.2,3986740503,140,75.0,3986740499,155,,3986740509,213,5.4,,,,dnpala3bol8svyc2awng6iv9x,C. Good,,,,,,,,,,,,,,,,,,,,,,,,,,,,,,,,,,
2499047929,124,5,1,16,44,v046no35g7ebk8lytdjmfb43,1,26.8,101.6,2023-01-21T09:03:19.921Z,2023-01-21T09:04:44Z,3986740543,56,Back,3986740547,233,182,3986740545,347,,,,,,,,,,,,,,,,,ez47kkcz2wgypddldq97yz2dx,C. Chapman,,,,,,,,,,,,,,,,,,,,,,,,,,,,,,,,,,
2499047923,182,5,1,16,44,c33jm806py6adse5wv9wx6ch1,0,73.2,-1.6,2023-01-21T09:03:19.921Z,2023-01-21T09:03:37Z,3986740513,56,Right,3986740551,233,124,3986740515,347,,,,,,,,,,,,,,,,,dnpala3bol8svyc2awng6iv9x,C. Good,,,,,,,,,,,,,,,,,,,,,,,,,,,,,,,,,,
2499047931,125,1,1,17,1,v046no35g7ebk8lytdjmfb43,1,27.3,100,2023-01-21T09:03:36.444Z,2023-01-21T09:03:42Z,3986740573,213,6.1,3986740561,56,Left,3986740559,107,,3986740569,141,94.8,3986740575,1,,3986740563,140,53.5,3986740571,212,27.9,,,,bhl2kwvi52osrdsdnbtw45lyi,J. Courtney-Perkins,,,,,,,,,,,,,,,,,,,,,,,,,,,,,,,,,,
2499047933,126,61,1,17,6,v046no35g7ebk8lytdjmfb43,0,58.6,97.1,2023-01-21T09:03:41.980Z,2023-01-21T09:03:42Z,3986740579,56,Left,,,,,,,,,,,,,,,,,,,,,,4s2umn33b5fo5zcpkwjcbry7d,J. Knowles,,,,,,,,,,,,,,,,,,,,,,,,,,,,,,,,,,
2499047935,127,5,1,17,7,v046no35g7ebk8lytdjmfb43,0,59.4,101,2023-01-21T09:03:42.656Z,2023-01-21T09:04:44Z,3986740581,56,Left,3986740595,233,183,3986740583,347,,,,,,,,,,,,,,,,,4s2umn33b5fo5zcpkwjcbry7d,J. Knowles,,,,,,,,,,,,,,,,,,,,,,,,,,,,,,,,,,
2499047937,183,5,1,17,7,c33jm806py6adse5wv9wx6ch1,1,40.6,-1,2023-01-21T09:03:42.656Z,2023-01-21T09:03:43Z,3986740585,56,Back,3986740589,233,127,3986740587,347,,,,,,,,,,,,,,,,,bdo2grdx1mgm63gii3zar50id,T. Lam,,,,,,,,,,,,,,,,,,,,,,,,,,,,,,,,,,
2499047939,184,1,1,17,8,c33jm806py6adse5wv9wx6ch1,1,41.4,0,2023-01-21T09:03:43.280Z,2023-01-21T09:03:46Z,3986740605,140,31.2,3986740601,107,,3986740611,213,2.2,3986740609,212,18.2,3986740603,56,Back,3986740607,141,20.7,,,,,,,bdo2grdx1mgm63gii3zar50id,T. Lam,,,,,,,,,,,,,,,,,,,,,,,,,,,,,,,,,,
2499047941,185,1,1,17,11,c33jm806py6adse5wv9wx6ch1,1,32.7,23,2023-01-21T09:03:46.352Z,2023-01-21T09:03:50Z,3986740623,141,49.3,3986740619,56,Back,3986740627,213,1.5,3986740625,212,18.0,3986740621,140,34.2,,,,,,,,,,dnpala3bol8svyc2awng6iv9x,C. Good,,,,,,,,,,,,,,,,,,,,,,,,,,,,,,,,,,
2499047943,186,1,1,17,15,c33jm806py6adse5wv9wx6ch1,1,33.3,53.7,2023-01-21T09:03:50.832Z,2023-01-21T09:03:55Z,3986740635,141,22.1,3986740631,56,Back,3986740639,213,4.7,3986740633,140,33.9,3986740637,212,21.5,,,,,,,,,,8wbljx8706rh6uyhf8eegl1w5,S. Jamieson,,,,,,,,,,,,,,,,,,,,,,,,,,,,,,,,,,
2499047945,187,1,1,17,19,c33jm806py6adse5wv9wx6ch1,1,36.8,21.9,2023-01-21T09:03:55.040Z,2023-01-21T09:03:57Z,3986740645,140,58.5,3986740651,213,0.3,3986740649,212,23.5,3986740643,56,Center,3986740647,141,30.6,,,,,,,,,,bdo2grdx1mgm63gii3zar50id,T. Lam,,,,,,,,,,,,,,,,,,,,,,,,,,,,,,,,,,
2499047947,188,1,1,17,22,c33jm806py6adse5wv9wx6ch1,0,52.5,27.6,2023-01-21T09:03:57.424Z,2023-01-21T09:03:59Z,3986740663,141,40.0,3986740667,213,2.2,3986740665,212,10.4,3986740659,56,Back,3986740661,140,46.7,,,,,,,,,,31v9w4cyk1fxlig452kuc65ed,J. Maclaren,,,,,,,,,,,,,,,,,,,,,,,,,,,,,,,,,,
2499047949,128,1,1,17,24,v046no35g7ebk8lytdjmfb43,1,57.4,61.8,2023-01-21T09:03:59.308Z,2023-01-21T09:41:53Z,3986740671,140,63.5,3986740675,212,9.5,3986740677,213,5.5,3986740669,56,Center,3986740673,141,51.5,,,,,,,,,,abfwfqsv8o9xsnkor896869cl,J. O'Shea,,,,,,,,,,,,,,,,,,,,,,,,,,,,,,,,,,
2499047951,129,61,1,17,25,v046no35g7ebk8lytdjmfb43,0,63.6,50.6,2023-01-21T09:04:00.524Z,2023-01-21T09:04:19Z,3986740681,56,Center,,,,,,,,,,,,,,,,,,,,,,4s2umn33b5fo5zcpkwjcbry7d,J. Knowles,,,,,,,,,,,,,,,,,,,,,,,,,,,,,,,,,,
2499047953,189,1,1,17,26,c33jm806py6adse5wv9wx6ch1,1,44.2,41.6,2023-01-21T09:04:01.127Z,2023-01-21T09:04:26Z,3986740687,56,Back,3986740695,213,1.7,3986740691,141,71.4,3986740693,212,20.5,3986740689,140,41.3,,,,,,,,,,bcytv86dp6kqrsosu6gck9q7d,A. O'Neill,,,,,,,,,,,,,,,,,,,,,,,,,,,,,,,,,,
2499047955,190,1,1,17,32,c33jm806py6adse5wv9wx6ch1,0,69.2,79.3,2023-01-21T09:04:07.840Z,2023-01-21T09:04:11Z,3986740701,140,73.4,3986740699,56,Left,3986740705,212,15.7,3986740707,213,1.3,3986740703,141,100.0,,,,,,,,,,8wbljx8706rh6uyhf8eegl1w5,S. Jamieson,,,,,,,,,,,,,,,,,,,,,,,,,,,,,,,,,,
2499047963,130,5,1,17,35,v046no35g7ebk8lytdjmfb43,1,27.8,-1.7,2023-01-21T09:04:10.987Z,2023-01-21T09:04:19Z,3986740731,56,Back,3986740735,233,191,3986740733,347,,,,,,,,,,,,,,,,,4s2umn33b5fo5zcpkwjcbry7d,J. Knowles,,,,,,,,,,,,,,,,,,,,,,,,,,,,,,,,,,
2499047957,191,5,1,17,35,c33jm806py6adse5wv9wx6ch1,0,72.2,101.7,2023-01-21T09:04:10.987Z,2023-01-21T09:04:45Z,3986740739,233,130,3986740709,56,Left,3986740711,347,,,,,,,,,,,,,,,,,8wbljx8706rh6uyhf8eegl1w5,S. Jamieson,,,,,,,,,,,,,,,,,,,,,,,,,,,,,,,,,,
2499047965,131,1,1,17,44,v046no35g7ebk8lytdjmfb43,1,29,0,2023-01-21T09:04:19.116Z,2023-01-21T09:04:20Z,3986740749,141,9.1,3986740753,213,1.3,3986740743,107,,3986740747,140,31.0,3986740745,56,Back,3986740751,212,7.8,,,,,,,4gn22fnshsmgxyayuj2p77v85,J. Hingert,,,,,,,,,,,,,,,,,,,,,,,,,,,,,,,,,,
2499047969,132,1,1,17,45,v046no35g7ebk8lytdjmfb43,1,29.5,8.8,2023-01-21T09:04:20.300Z,2023-01-21T09:41:31Z,3986740765,140,25.5,3986740769,212,6.1,3986740763,56,Back,3986740771,213,4.0,3986740767,141,2.2,,,,,,,,,,6jri9zzc1ccwcof95srv8h4pg,L. Zabala,,,,,,,,,,,,,,,,,,,,,,,,,,,,,,,,,,
2499047971,133,1,1,17,46,v046no35g7ebk8lytdjmfb43,0,25.5,2.2,2023-01-21T09:04:21.100Z,2023-01-21T09:04:24Z,3986740777,140,25.7,3986740799,286,,3986740783,213,0,3986740779,141,2.2,3986740793,236,,3986740795,233,192,3986740781,212,0.2,3986740775,56,Back,4gn22fnshsmgxyayuj2p77v85,J. Hingert,,,,,,,,,,,,,,,,,,,,,,,,,,,,,,,,,,
2499047975,192,74,1,17,46,c33jm806py6adse5wv9wx6ch1,1,73,96.8,2023-01-21T09:04:21.101Z,2023-01-21T09:05:15Z,3986740813,233,133,3986740791,285,,3986740789,56,Left,,,,,,,,,,,,,,,,446scvw0ckoxnvnsqcqocve1h,V. Berisha,,,,,,,,,,,,,,,,,,,,,,,,,,,,,,,,,,
2499047981,134,5,1,17,47,v046no35g7ebk8lytdjmfb43,1,26.2,-1.7,2023-01-21T09:04:22.940Z,2023-01-21T09:04:26Z,3986740825,56,Back,3986740831,233,193,3986740827,347,,,,,,,,,,,,,,,,,4gn22fnshsmgxyayuj2p77v85,J. Hingert,,,,,,,,,,,,,,,,,,,,,,,,,,,,,,,,,,
2499047977,193,5,1,17,47,c33jm806py6adse5wv9wx6ch1,0,73.8,101.7,2023-01-21T09:04:22.940Z,2023-01-21T09:04:45Z,3986740835,233,134,3986740817,56,Left,3986740819,347,,,,,,,,,,,,,,,,,446scvw0ckoxnvnsqcqocve1h,V. Berisha,,,,,,,,,,,,,,,,,,,,,,,,,,,,,,,,,,
2499047989,135,1,1,18,2,v046no35g7ebk8lytdjmfb43,1,26,0,2023-01-21T09:04:37.788Z,2023-01-21T09:04:40Z,3986740861,107,,3986740865,140,25.7,3986740871,213,1.6,3986740867,141,12.9,3986740863,56,Back,3986740869,212,9.9,,,,,,,4gn22fnshsmgxyayuj2p77v85,J. Hingert,,,,,,,,,,,,,,,,,,,,,,,,,,,,,,,,,,
2499047991,136,1,1,18,5,v046no35g7ebk8lytdjmfb43,1,25.4,14.9,2023-01-21T09:04:40.252Z,2023-01-21T09:04:42Z,3986740885,140,19.2,3986740889,212,23.5,3986740891,213,1.9,3986740883,56,Back,3986740887,141,48.1,,,,,,,,,,abfwfqsv8o9xsnkor896869cl,J. O'Shea,,,,,,,,,,,,,,,,,,,,,,,,,,,,,,,,,,
2499047993,137,1,1,18,7,v046no35g7ebk8lytdjmfb43,1,19.2,48.1,2023-01-21T09:04:42.460Z,2023-01-21T09:04:45Z,3986740899,141,50.4,3986740895,56,Back,3986740903,213,3.0,3986740901,212,12.3,3986740897,140,7.6,,,,,,,,,,ez47kkcz2wgypddldq97yz2dx,C. Chapman,,,,,,,,,,,,,,,,,,,,,,,,,,,,,,,,,,
2499047995,138,1,1,18,9,v046no35g7ebk8lytdjmfb43,1,8.6,50.9,2023-01-21T09:04:44.748Z,2023-01-21T09:04:51Z,3986740915,213,1.0,3986740907,56,Back,3986740911,141,95.0,3986740913,212,36.5,3986740909,140,28.5,3986740917,1,,,,,,,,cb0y1hi0ozn1rx00vx6a1xr6x,J. Holmes,,,,,,,,,,,,,,,,,,,,,,,,,,,,,,,,,,
2499047997,139,1,1,18,15,v046no35g7ebk8lytdjmfb43,1,41.9,90.9,2023-01-21T09:04:50.988Z,2023-01-21T09:04:55Z,3986740927,212,11.0,3986740923,140,42.1,3986740929,213,4.7,3986740921,56,Back,3986740925,141,74.7,,,,,,,,,,bhl2kwvi52osrdsdnbtw45lyi,J. Courtney-Perkins,,,,,,,,,,,,,,,,,,,,,,,,,,,,,,,,,,
2499047999,140,1,1,18,20,v046no35g7ebk8lytdjmfb43,1,36.1,71.7,2023-01-21T09:04:55.853Z,2023-01-21T09:41:02Z,3986740935,155,,3986740941,141,23.0,3986740945,213,4.7,3986740947,1,,3986740939,140,35.2,3986740943,212,33.1,3986740937,56,Back,,,,dhnssdf1iuorniavvla5zbwx6,K. Trewin,,,,,,,,,,,,,,,,,,,,,,,,,,,,,,,,,,
2499048001,141,1,1,18,26,v046no35g7ebk8lytdjmfb43,1,45.1,16.5,2023-01-21T09:05:01.804Z,2023-01-21T09:05:05Z,3986740963,140,59.4,3986740967,212,15.0,3986740969,213,6.3,3986740965,141,16.2,3986740961,56,Right,,,,,,,,,,7mgwfxva7w88k90jhjd1wx3o5,S. Neville,,,,,,,,,,,,,,,,,,,,,,,,,,,,,,,,,,
2499048003,142,1,1,18,29,v046no35g7ebk8lytdjmfb43,0,62.4,17,2023-01-21T09:05:04.972Z,2023-01-21T09:05:06Z,3986740977,141,16.7,3986740973,56,Right,3986740981,213,6.3,3986740979,212,28.2,3986740975,140,89.3,,,,,,,,,,6jri9zzc1ccwcof95srv8h4pg,L. Zabala,,,,,,,,,,,,,,,,,,,,,,,,,,,,,,,,,,
2499048005,194,49,1,18,31,c33jm806py6adse5wv9wx6ch1,1,12.5,86.3,2023-01-21T09:05:06.592Z,2023-01-21T09:05:06Z,,,,,,,,,,,,,,,,,,,,,,,,,dnpala3bol8svyc2awng6iv9x,C. Good,,,,,,,,,,,,,,,,,,,,,,,,,,,,,,,,,,
2499048009,195,1,1,18,31,c33jm806py6adse5wv9wx6ch1,1,12.5,86.3,2023-01-21T09:05:06.752Z,2023-01-21T09:05:12Z,3986740997,213,4.3,3986740993,141,54.9,3986740989,56,Back,3986740991,140,3.2,3986740995,212,23.5,,,,,,,,,,dnpala3bol8svyc2awng6iv9x,C. Good,,,,,,,,,,,,,,,,,,,,,,,,,,,,,,,,,,
2499048011,196,1,1,18,36,c33jm806py6adse5wv9wx6ch1,1,5,50.4,2023-01-21T09:05:11.968Z,2023-01-21T09:05:15Z,3986741007,140,22.2,3986741011,212,34.7,3986741015,1,,3986741009,141,6.8,3986741013,213,5.3,3986741005,56,Back,,,,,,,77gcx1qotysu9hbi2hw2gjsvd,T. Glover,,,,,,,,,,,,,,,,,,,,,,,,,,,,,,,,,,
2499048015,197,1,1,18,41,c33jm806py6adse5wv9wx6ch1,1,26.6,5.5,2023-01-21T09:05:16.191Z,2023-01-21T09:05:17Z,3986741033,212,7.4,3986741027,56,Back,3986741035,213,1.6,3986741029,140,26.3,3986741031,141,16.4,,,,,,,,,,cqoz8o1pse9uspkqvq3cmges5,S. Galloway,,,,,,,,,,,,,,,,,,,,,,,,,,,,,,,,,,
2499048019,198,1,1,18,42,c33jm806py6adse5wv9wx6ch1,1,27.1,19.8,2023-01-21T09:05:17.663Z,2023-01-21T09:05:21Z,3986741057,213,1.6,3986741053,141,64.9,3986741049,56,Back,3986741051,140,25.2,3986741055,212,30.7,,,,,,,,,,bdo2grdx1mgm63gii3zar50id,T. Lam,,,,,,,,,,,,,,,,,,,,,,,,,,,,,,,,,,
2499048021,199,1,1,18,45,c33jm806py6adse5wv9wx6ch1,1,24.6,64.6,2023-01-21T09:05:20.975Z,2023-01-21T09:05:22Z,3986741063,140,28.5,3986741067,212,12.9,3986741069,213,1.2,3986741065,141,82.6,3986741061,56,Back,,,,,,,,,,dnpala3bol8svyc2awng6iv9x,C. Good,,,,,,,,,,,,,,,,,,,,,,,,,,,,,,,,,,
2499048023,200,1,1,18,47,c33jm806py6adse5wv9wx6ch1,1,30.9,90.8,2023-01-21T09:05:22.720Z,2023-01-21T09:05:25Z,3986741075,56,Back,3986741081,212,9.1,3986741079,141,80.8,3986741083,213,5.4,3986741077,140,36.6,,,,,,,,,,8wbljx8706rh6uyhf8eegl1w5,S. Jamieson,,,,,,,,,,,,,,,,,,,,,,,,,,,,,,,,,,
2499048025,201,1,1,18,49,c33jm806py6adse5wv9wx6ch1,1,36.6,80.8,2023-01-21T09:05:25.007Z,2023-01-21T09:05:26Z,3986741093,140,20.1,3986741097,212,18.2,3986741099,213,3.5,3986741095,141,72.6,3986741091,56,Back,,,,,,,,,,446scvw0ckoxnvnsqcqocve1h,V. Berisha,,,,,,,,,,,,,,,,,,,,,,,,,,,,,,,,,,
2499048027,202,1,1,18,51,c33jm806py6adse5wv9wx6ch1,1,20.1,72.6,2023-01-21T09:05:26.687Z,2023-01-21T09:05:31Z,3986741105,140,3.2,3986741109,212,26.2,3986741103,56,Back,3986741107,141,44.3,3986741111,213,4.0,,,,,,,,,,dnpala3bol8svyc2awng6iv9x,C. Good,,,,,,,,,,,,,,,,,,,,,,,,,,,,,,,,,,
2499048029,203,1,1,18,56,c33jm806py6adse5wv9wx6ch1,1,3.4,43.1,2023-01-21T09:05:31.552Z,2023-01-21T15:29:16Z,3986741119,140,40.4,3986741117,56,Back,3986741121,141,22.2,3986741125,213,5.9,3986741127,1,,3986741123,212,41.4,,,,,,,77gcx1qotysu9hbi2hw2gjsvd,T. Glover,,,,,,,,,,,,,,,,,,,,,,,,,,,,,,,,,,
2499048031,204,1,1,18,57,c33jm806py6adse5wv9wx6ch1,0,38.6,25.6,2023-01-21T09:05:32.944Z,2023-01-21T15:29:19Z,3986741135,56,Back,3986741141,212,14.1,3986741143,213,5.6,3986741139,141,13.0,3986741133,168,,3986741137,140,49.3,,,,,,,7q8urr40blud747zzb3io8w5x,R. van der Venne,,,,,,,,,,,,,,,,,,,,,,,,,,,,,,,,,,
2499048033,143,49,1,18,59,v046no35g7ebk8lytdjmfb43,1,53.5,85,2023-01-21T09:05:34.077Z,2023-01-21T09:05:34Z,,,,,,,,,,,,,,,,,,,,,,,,,ez47kkcz2wgypddldq97yz2dx,C. Chapman,,,,,,,,,,,,,,,,,,,,,,,,,,,,,,,,,,
2499048035,144,1,1,18,59,v046no35g7ebk8lytdjmfb43,0,51.1,84.5,2023-01-21T09:05:34.236Z,2023-01-21T15:29:22Z,3986741155,212,20.7,3986741149,56,Left,3986741151,140,67.7,3986741153,141,100.0,3986741157,213,0.6,,,,,,,,,,ez47kkcz2wgypddldq97yz2dx,C. Chapman,,,,,,,,,,,,,,,,,,,,,,,,,,,,,,,,,,
2499048037,145,5,1,19,0,v046no35g7ebk8lytdjmfb43,0,63.6,101.5,2023-01-21T09:05:35.551Z,2023-01-21T09:33:16Z,3986741161,347,,3986741159,56,Left,3986741175,233,205,,,,,,,,,,,,,,,,ez47kkcz2wgypddldq97yz2dx,C. Chapman,,,,,,,,,,,,,,,,,,,,,,,,,,,,,,,,,,
2499048041,205,5,1,19,0,c33jm806py6adse5wv9wx6ch1,1,36.4,-1.5,2023-01-21T09:05:35.551Z,2023-01-21T09:05:38Z,3986741169,347,,3986741171,233,145,3986741167,56,Back,,,,,,,,,,,,,,,,cqoz8o1pse9uspkqvq3cmges5,S. Galloway,,,,,,,,,,,,,,,,,,,,,,,,,,,,,,,,,,
2499048045,206,1,1,19,3,c33jm806py6adse5wv9wx6ch1,1,40.5,0,2023-01-21T09:05:38.287Z,2023-01-21T09:05:42Z,3986741191,140,36.0,3986741195,212,10.4,3986741187,107,,3986741197,213,2.0,3986741189,56,Back,3986741193,141,11.6,,,,,,,cqoz8o1pse9uspkqvq3cmges5,S. Galloway,,,,,,,,,,,,,,,,,,,,,,,,,,,,,,,,,,
2499048047,207,50,1,19,5,c33jm806py6adse5wv9wx6ch1,1,36,9.9,2023-01-21T09:05:41.042Z,2023-01-21T09:05:51Z,3986741209,233,146,3986741201,56,Back,3986741203,286,,,,,,,,,,,,,,,,,c00r3yls3lf245nbo93m9d6cq,M. Tilio,,,,,,,,,,,,,,,,,,,,,,,,,,,,,,,,,,
2499048043,146,7,1,19,5,v046no35g7ebk8lytdjmfb43,0,64,90.1,2023-01-21T09:05:41.043Z,2023-01-21T15:29:28Z,3987598071,385,,3986741205,233,207,3986741185,285,,3986741183,56,Left,,,,,,,,,,,,,bhl2kwvi52osrdsdnbtw45lyi,J. Courtney-Perkins,,,,,,,,,,,,,,,,,,,,,,,,,,,,,,,,,,
2499048053,209,61,1,19,6,c33jm806py6adse5wv9wx6ch1,1,41.4,18.2,2023-01-21T09:05:41.560Z,2023-01-21T09:05:50Z,3986741237,56,Back,,,,,,,,,,,,,,,,,,,,,,c00r3yls3lf245nbo93m9d6cq,M. Tilio,,,,,,,,,,,,,,,,,,,,,,,,,,,,,,,,,,
2499048051,208,1,1,19,7,c33jm806py6adse5wv9wx6ch1,1,38.3,18.3,2023-01-21T09:05:42.832Z,2023-01-21T09:05:48Z,3986741229,1,,3986741221,140,8.5,3986741225,212,33.0,3986741227,213,2.8,3986741219,56,Back,3986741223,141,33.7,,,,,,,7q8urr40blud747zzb3io8w5x,R. van der Venne,,,,,,,,,,,,,,,,,,,,,,,,,,,,,,,,,,
2499048063,210,1,1,19,19,c33jm806py6adse5wv9wx6ch1,0,25.6,34.9,2023-01-21T09:05:54.096Z,2023-01-21T15:29:38Z,3986741275,140,76.7,3986741281,213,0.4,3987599073,155,,3986741279,212,57.5,3986741273,56,Center,3986741283,1,,3986741277,141,65.1,,,,77gcx1qotysu9hbi2hw2gjsvd,T. Glover,,,,,,,,,,,,,,,,,,,,,,,,,,,,,,,,,,
2499048065,147,1,1,19,24,v046no35g7ebk8lytdjmfb43,0,27.6,35.4,2023-01-21T09:05:59.068Z,2023-01-21T09:06:00Z,3986741291,141,54.9,3986741295,213,0.6,3986741287,56,Back,3986741285,3,,3986741289,140,45.1,3986741293,212,22.7,,,,,,,7mgwfxva7w88k90jhjd1wx3o5,S. Neville,,,,,,,,,,,,,,,,,,,,,,,,,,,,,,,,,,
2499048069,211,1,1,19,24,c33jm806py6adse5wv9wx6ch1,1,53.4,42.1,2023-01-21T09:05:59.839Z,2023-01-21T15:29:45Z,3986741309,212,15.8,3986741303,56,Back,3986741307,141,61.6,3986741305,140,45.2,3986741301,3,,3986741311,213,2.1,,,,,,,7q8urr40blud747zzb3io8w5x,R. van der Venne,,,,,,,,,,,,,,,,,,,,,,,,,,,,,,,,,,
2499048075,212,1,1,19,28,c33jm806py6adse5wv9wx6ch1,1,55.9,68.2,2023-01-21T09:06:03.311Z,2023-01-21T09:06:05Z,3986741329,212,13.2,3986741327,141,86.9,3986741323,56,Left,3986741331,213,1.3,3986741325,140,59.3,,,,,,,,,,dnpala3bol8svyc2awng6iv9x,C. Good,,,,,,,,,,,,,,,,,,,,,,,,,,,,,,,,,,
2499048077,213,1,1,19,30,c33jm806py6adse5wv9wx6ch1,1,59.3,86.9,2023-01-21T09:06:05.615Z,2023-01-21T09:06:09Z,3986741337,140,63.9,3986741339,141,73.2,3986741343,213,5.2,3986741341,212,10.5,3986741335,56,Center,,,,,,,,,,8wbljx8706rh6uyhf8eegl1w5,S. Jamieson,,,,,,,,,,,,,,,,,,,,,,,,,,,,,,,,,,
2499048081,214,1,1,19,34,c33jm806py6adse5wv9wx6ch1,1,48.2,75.1,2023-01-21T09:06:09.711Z,2023-01-21T09:06:11Z,3986741359,213,3.4,3986741357,212,12.6,3986741353,140,36.5,3986741351,56,Back,3986741355,141,71.2,,,,,,,,,,446scvw0ckoxnvnsqcqocve1h,V. Berisha,,,,,,,,,,,,,,,,,,,,,,,,,,,,,,,,,,
2499048083,215,1,1,19,37,c33jm806py6adse5wv9wx6ch1,1,35.2,73,2023-01-21T09:06:12.399Z,2023-01-21T09:06:13Z,3986741371,212,10.3,3986741367,140,41.9,3986741369,141,62.0,3986741365,56,Back,3986741373,213,5.5,,,,,,,,,,dnpala3bol8svyc2awng6iv9x,C. Good,,,,,,,,,,,,,,,,,,,,,,,,,,,,,,,,,,
2499048091,216,1,1,19,38,c33jm806py6adse5wv9wx6ch1,1,41.9,62,2023-01-21T09:06:13.342Z,2023-01-21T09:06:23Z,3986741415,213,3.5,3986741407,56,Back,3986741411,141,49.7,3986741413,212,23.7,3986741409,140,20.8,,,,,,,,,,bcytv86dp6kqrsosu6gck9q7d,A. O'Neill,,,,,,,,,,,,,,,,,,,,,,,,,,,,,,,,,,
2499048095,217,1,1,19,48,c33jm806py6adse5wv9wx6ch1,0,28.3,37.9,2023-01-21T09:06:23.184Z,2023-01-21T09:06:30Z,3986741435,56,Left,3986741445,1,,3986741441,212,76.5,3986741443,213,0.5,3986741439,141,89.1,3986741437,140,93.2,3986741433,157,,,,,77gcx1qotysu9hbi2hw2gjsvd,T. Glover,,,,,,,,,,,,,,,,,,,,,,,,,,,,,,,,,,
2499048097,148,49,1,19,54,v046no35g7ebk8lytdjmfb43,1,8.2,14,2023-01-21T09:06:29.612Z,2023-01-21T09:06:29Z,,,,,,,,,,,,,,,,,,,,,,,,,7mgwfxva7w88k90jhjd1wx3o5,S. Neville,,,,,,,,,,,,,,,,,,,,,,,,,,,,,,,,,,
2499048099,149,1,1,19,57,v046no35g7ebk8lytdjmfb43,1,12.8,10.3,2023-01-21T09:06:32.571Z,2023-01-21T09:06:37Z,3986741455,213,0.7,3986741451,141,27.9,3986741449,140,26.4,3986741453,212,18.6,3986741447,56,Back,,,,,,,,,,7mgwfxva7w88k90jhjd1wx3o5,S. Neville,,,,,,,,,,,,,,,,,,,,,,,,,,,,,,,,,,
2499048101,150,2,1,20,1,v046no35g7ebk8lytdjmfb43,1,33.3,23.1,2023-01-21T09:06:36.067Z,2023-01-21T15:30:30Z,3986741469,141,35.9,3986741461,7,uyhh5u2ezau9f095symdh3sa,3986741465,56,Center,3986741467,140,53.4,,,,,,,,,,,,,abfwfqsv8o9xsnkor896869cl,J. O'Shea,,,,,,,,,,,,,,,,,,,,,,,,,,,,,,,,,,
2499048103,218,55,1,20,1,c33jm806py6adse5wv9wx6ch1,1,31.6,79.3,2023-01-21T09:06:36.068Z,2023-01-21T15:33:51Z,,,,,,,,,,,,,,,,,,,,,,,,,bdo2grdx1mgm63gii3zar50id,T. Lam,,,,,,,,,,,,,,,,,,,,,,,,,,,,,,,,,,
2499048119,219,1,1,20,31,c33jm806py6adse5wv9wx6ch1,1,31.6,79.3,2023-01-21T09:07:06.959Z,2023-01-21T09:07:24Z,3986741551,56,Back,3986741555,141,58.5,3986741659,189,,3986741559,213,3.7,3986741549,241,,3986741557,212,26.1,3986741547,5,,3986741553,140,10.7,dnpala3bol8svyc2awng6iv9x,C. Good,,,,,,,,,,,,,,,,,,,,,,,,,,,,,,,,,,
2499048121,220,1,1,20,33,c33jm806py6adse5wv9wx6ch1,1,10.7,58.5,2023-01-21T09:07:08.478Z,2023-01-21T15:30:49Z,3986741575,213,4.9,3986741571,141,22.1,3986741567,56,Back,3986741573,212,25.3,3987607675,189,,3986741569,140,15.5,,,,,,,77gcx1qotysu9hbi2hw2gjsvd,T. Glover,,,,,,,,,,,,,,,,,,,,,,,,,,,,,,,,,,
2499048123,221,1,1,20,34,c33jm806py6adse5wv9wx6ch1,1,16.7,18.2,2023-01-21T09:07:09.615Z,2023-01-21T09:07:27Z,3986741587,213,5.2,3986741583,141,3.7,3986741579,56,Back,3986741581,140,21.6,3986741585,212,11.1,,,,,,,,,,bdo2grdx1mgm63gii3zar50id,T. Lam,,,,,,,,,,,,,,,,,,,,,,,,,,,,,,,,,,
2499048125,222,1,1,20,35,c33jm806py6adse5wv9wx6ch1,0,21.9,2.1,2023-01-21T09:07:10.319Z,2023-01-21T15:30:56Z,3986741597,212,21.5,3986741593,140,38.9,3986741591,56,Back,3986741599,213,0.6,3986741595,141,19.8,,,,,,,,,,cqoz8o1pse9uspkqvq3cmges5,S. Galloway,,,,,,,,,,,,,,,,,,,,,,,,,,,,,,,,,,
2499048129,151,49,1,20,38,v046no35g7ebk8lytdjmfb43,1,63.6,83.5,2023-01-21T09:07:13.147Z,2023-01-21T09:07:13Z,,,,,,,,,,,,,,,,,,,,,,,,,ez47kkcz2wgypddldq97yz2dx,C. Chapman,,,,,,,,,,,,,,,,,,,,,,,,,,,,,,,,,,
2499048131,152,1,1,20,38,v046no35g7ebk8lytdjmfb43,1,63.6,83.5,2023-01-21T09:07:13.291Z,2023-01-21T09:07:14Z,3986741617,213,5.8,3986741609,56,Center,3986741613,141,78.1,3986741611,140,70.6,3986741615,212,8.2,,,,,,,,,,ez47kkcz2wgypddldq97yz2dx,C. Chapman,,,,,,,,,,,,,,,,,,,,,,,,,,,,,,,,,,
2499048133,153,1,1,20,39,v046no35g7ebk8lytdjmfb43,1,71,79.7,2023-01-21T09:07:14.651Z,2023-01-21T09:07:16Z,3986741625,140,72.7,3986741631,213,1.4,3986741629,212,10.6,3986741627,141,95.1,3986741623,56,Left,,,,,,,,,,dhnssdf1iuorniavvla5zbwx6,K. Trewin,,,,,,,,,,,,,,,,,,,,,,,,,,,,,,,,,,
2499048139,154,1,1,20,41,v046no35g7ebk8lytdjmfb43,1,72.7,95.4,2023-01-21T09:07:16.827Z,2023-01-21T09:07:25Z,3986741667,212,3.6,3986741663,140,73.3,3986741669,213,4.9,3986741661,56,Left,3986741665,141,90.2,,,,,,,,,,bhl2kwvi52osrdsdnbtw45lyi,J. Courtney-Perkins,,,,,,,,,,,,,,,,,,,,,,,,,,,,,,,,,,
2499048141,155,3,1,20,45,v046no35g7ebk8lytdjmfb43,0,70.4,90.9,2023-01-21T09:07:20.243Z,2023-01-21T15:31:06Z,3986741675,286,,3986741673,56,Left,3987609717,464,,3986741677,211,,,,,,,,,,,,,,abfwfqsv8o9xsnkor896869cl,J. O'Shea,,,,,,,,,,,,,,,,,,,,,,,,,,,,,,,,,,
2499048137,223,4,1,20,46,c33jm806py6adse5wv9wx6ch1,1,33.6,7.9,2023-01-21T09:07:21.934Z,2023-01-21T09:07:29Z,3986741653,286,,3986741647,56,Back,3986741689,233,156,3986741645,13,,3986741651,265,,3986741649,152,,,,,,,,7q8urr40blud747zzb3io8w5x,R. van der Venne,,,,,,,,,,,,,,,,,,,,,,,,,,,,,,,,,,
2499048143,156,4,1,20,46,v046no35g7ebk8lytdjmfb43,0,66.4,92.1,2023-01-21T09:07:21.935Z,2023-01-21T09:07:29Z,3986741693,233,223,3986741681,56,Left,3986741679,13,,3986741685,265,,3986741697,285,,3986741683,152,,,,,,,,abfwfqsv8o9xsnkor896869cl,J. O'Shea,,,,,,,,,,,,,,,,,,,,,,,,,,,,,,,,,,
2499048145,224,1,1,20,54,c33jm806py6adse5wv9wx6ch1,1,38.8,7.6,2023-01-21T09:07:29.935Z,2023-01-21T09:09:13Z,3986741707,141,46.4,3986741703,56,Back,3986741709,212,27.3,3986741711,213,1.8,3986741701,152,,3986741705,140,32.0,3986741699,5,,,,,cqoz8o1pse9uspkqvq3cmges5,S. Galloway,,,,,,,,,,,,,,,,,,,,,,,,,,,,,,,,,,
2499048241,246,1,1,20,55,c33jm806py6adse5wv9wx6ch1,1,28.4,26.8,2023-01-21T09:07:30.094Z,2023-01-21T09:09:12Z,3986742263,141,31.5,3986742275,189,,3986742267,213,0.4,3986742265,212,8.4,3986742261,140,35.8,3986742259,56,Back,,,,,,,bdo2grdx1mgm63gii3zar50id,T. Lam,,,,,,,,,,,,,,,,,,,,,,,,,,,,,,,,,,
2499048147,225,1,1,20,58,c33jm806py6adse5wv9wx6ch1,1,32,46.4,2023-01-21T09:07:33.566Z,2023-01-21T09:07:35Z,3986741721,212,14.0,3986741717,140,38.9,3986741719,141,64.0,3986741723,213,1.0,3986741715,56,Back,,,,,,,,,,bcytv86dp6kqrsosu6gck9q7d,A. O'Neill,,,,,,,,,,,,,,,,,,,,,,,,,,,,,,,,,,
2499048149,226,1,1,21,0,c33jm806py6adse5wv9wx6ch1,0,39.3,62.9,2023-01-21T09:07:35.519Z,2023-01-21T09:07:37Z,3986741729,140,42.1,3986741743,236,,3986741749,286,,3986741727,56,Back,3986741733,212,3.0,3986741735,213,6.1,3986741731,141,62.1,3986741745,233,157,446scvw0ckoxnvnsqcqocve1h,V. Berisha,,,,,,,,,,,,,,,,,,,,,,,,,,,,,,,,,,
2499048151,157,74,1,21,0,v046no35g7ebk8lytdjmfb43,1,61.2,38.6,2023-01-21T09:07:35.520Z,2023-01-21T09:34:22Z,3986741739,56,Center,3986741741,285,,3986741751,233,226,,,,,,,,,,,,,,,,6jri9zzc1ccwcof95srv8h4pg,L. Zabala,,,,,,,,,,,,,,,,,,,,,,,,,,,,,,,,,,
2499048155,227,1,1,21,3,c33jm806py6adse5wv9wx6ch1,1,36.7,49.1,2023-01-21T09:07:38.638Z,2023-01-21T09:07:43Z,3986741767,212,27.6,3986741763,140,42.3,3986741769,213,4.9,3986741761,56,Back,3986741765,141,9.4,,,,,,,,,,446scvw0ckoxnvnsqcqocve1h,V. Berisha,,,,,,,,,,,,,,,,,,,,,,,,,,,,,,,,,,
2499048157,228,1,1,21,9,c33jm806py6adse5wv9wx6ch1,0,60.1,28.5,2023-01-21T09:07:44.591Z,2023-01-21T09:07:45Z,3986741775,56,Center,3986741781,212,13.3,3986741779,141,27.0,3986741783,213,6.2,3986741777,140,72.7,,,,,,,,,,cqoz8o1pse9uspkqvq3cmges5,S. Galloway,,,,,,,,,,,,,,,,,,,,,,,,,,,,,,,,,,
2499048163,158,49,1,21,10,v046no35g7ebk8lytdjmfb43,1,30.8,67.8,2023-01-21T09:07:45.148Z,2023-01-21T09:33:31Z,,,,,,,,,,,,,,,,,,,,,,,,,dhnssdf1iuorniavvla5zbwx6,K. Trewin,,,,,,,,,,,,,,,,,,,,,,,,,,,,,,,,,,
2499048165,159,1,1,21,11,v046no35g7ebk8lytdjmfb43,1,30.8,67.8,2023-01-21T09:07:46.355Z,2023-01-21T15:31:34Z,3986741793,56,Back,3986741797,141,63.0,3986741801,213,5.8,3986741799,212,6.6,3986741795,140,36.3,,,,,,,,,,dhnssdf1iuorniavvla5zbwx6,K. Trewin,,,,,,,,,,,,,,,,,,,,,,,,,,,,,,,,,,
2499048167,160,61,1,21,11,v046no35g7ebk8lytdjmfb43,0,37.8,62.1,2023-01-21T09:07:46.491Z,2023-01-21T15:31:40Z,3986741805,56,Back,,,,,,,,,,,,,,,,,,,,,,6jri9zzc1ccwcof95srv8h4pg,L. Zabala,,,,,,,,,,,,,,,,,,,,,,,,,,,,,,,,,,
2499048219,243,50,1,21,12,c33jm806py6adse5wv9wx6ch1,1,62.2,42.6,2023-01-21T09:07:47.086Z,2023-01-21T15:32:10Z,3986742141,233,164,3986742111,56,Center,3986742113,286,,,,,,,,,,,,,,,,,446scvw0ckoxnvnsqcqocve1h,V. Berisha,,,,,,,,,,,,,,,,,,,,,,,,,,,,,,,,,,
2499048221,164,7,1,21,12,v046no35g7ebk8lytdjmfb43,0,37.8,57.4,2023-01-21T09:07:47.087Z,2023-01-21T15:32:18Z,3986742133,56,Back,3987618863,385,,3986742137,233,243,3986742135,285,,,,,,,,,,,,,,6jri9zzc1ccwcof95srv8h4pg,L. Zabala,,,,,,,,,,,,,,,,,,,,,,,,,,,,,,,,,,
2499048169,229,49,1,21,13,c33jm806py6adse5wv9wx6ch1,1,56.5,44.6,2023-01-21T09:07:48.392Z,2023-01-21T15:32:07Z,,,,,,,,,,,,,,,,,,,,,,,,,446scvw0ckoxnvnsqcqocve1h,V. Berisha,,,,,,,,,,,,,,,,,,,,,,,,,,,,,,,,,,
2499048175,230,1,1,21,18,c33jm806py6adse5wv9wx6ch1,1,61.8,62.4,2023-01-21T09:07:53.710Z,2023-01-21T09:07:55Z,3986741837,212,9.2,3986741833,140,55.3,3986741839,213,3.9,3986741831,56,Center,3986741835,141,53.4,,,,,,,,,,446scvw0ckoxnvnsqcqocve1h,V. Berisha,,,,,,,,,,,,,,,,,,,,,,,,,,,,,,,,,,
2499048177,231,1,1,21,19,c33jm806py6adse5wv9wx6ch1,1,55.3,53.4,2023-01-21T09:07:54.990Z,2023-01-21T09:07:57Z,3986741851,56,Center,3986741855,141,68.7,3986741859,213,0.9,3986741857,212,13.1,3986741853,140,62.9,,,,,,,,,,bcytv86dp6kqrsosu6gck9q7d,A. O'Neill,,,,,,,,,,,,,,,,,,,,,,,,,,,,,,,,,,
2499048179,232,1,1,21,22,c33jm806py6adse5wv9wx6ch1,1,63.2,76.6,2023-01-21T09:07:57.694Z,2023-01-21T09:08:00Z,3986741869,140,73.6,3986741873,212,15.6,3986741867,56,Left,3986741871,141,93.0,3986741875,213,0.8,,,,,,,,,,446scvw0ckoxnvnsqcqocve1h,V. Berisha,,,,,,,,,,,,,,,,,,,,,,,,,,,,,,,,,,
2499048183,233,1,1,21,25,c33jm806py6adse5wv9wx6ch1,1,77.3,93.3,2023-01-21T09:08:00.062Z,2023-01-21T09:08:04Z,3986741891,212,10.5,3986741887,140,87.3,3986741885,56,Left,3986741893,213,0.0,3986741889,141,93.8,,,,,,,,,,8wbljx8706rh6uyhf8eegl1w5,S. Jamieson,,,,,,,,,,,,,,,,,,,,,,,,,,,,,,,,,,
2499048185,234,1,1,21,29,c33jm806py6adse5wv9wx6ch1,1,85.6,93.2,2023-01-21T09:08:04.335Z,2023-01-21T09:08:07Z,3986741899,140,79.1,3986741897,56,Left,3986741901,141,93.5,3986741905,213,3.1,3986741903,212,6.8,,,,,,,,,,7cdvlgpi8g3e8ttspzvr1k251,M. Leckie,,,,,,,,,,,,,,,,,,,,,,,,,,,,,,,,,,
2499048189,235,1,1,21,32,c33jm806py6adse5wv9wx6ch1,1,80.6,93.3,2023-01-21T09:08:07.198Z,2023-01-21T09:08:09Z,3986741923,212,8.8,3986741919,140,72.2,3986741917,56,Left,3986741921,141,92.9,3986741925,213,3.2,,,,,,,,,,446scvw0ckoxnvnsqcqocve1h,V. Berisha,,,,,,,,,,,,,,,,,,,,,,,,,,,,,,,,,,
2499048191,236,1,1,21,34,c33jm806py6adse5wv9wx6ch1,1,69.6,92,2023-01-21T09:08:09.822Z,2023-01-21T09:08:13Z,3986741943,1,,3986741939,212,34.2,3986741937,141,41.8,3986741933,56,Center,3986741935,140,71.7,3986741941,213,4.8,,,,,,,7cdvlgpi8g3e8ttspzvr1k251,M. Leckie,,,,,,,,,,,,,,,,,,,,,,,,,,,,,,,,,,
2499048195,237,1,1,21,38,c33jm806py6adse5wv9wx6ch1,1,72.6,50.7,2023-01-21T09:08:13.711Z,2023-01-21T09:08:16Z,3986741955,140,72.6,3986741961,213,1.6,3986741959,212,7.9,3986741953,56,Center,3986741957,141,62.3,,,,,,,,,,7q8urr40blud747zzb3io8w5x,R. van der Venne,,,,,,,,,,,,,,,,,,,,,,,,,,,,,,,,,,
2499048199,238,1,1,21,41,c33jm806py6adse5wv9wx6ch1,1,72.1,60.8,2023-01-21T09:08:16.782Z,2023-01-21T09:08:20Z,3986741983,212,29.2,3986741977,56,Right,3986741985,213,4.5,3986741981,141,18.8,3986741979,140,66.4,,,,,,,,,,7cdvlgpi8g3e8ttspzvr1k251,M. Leckie,,,,,,,,,,,,,,,,,,,,,,,,,,,,,,,,,,
2499048201,239,1,1,21,45,c33jm806py6adse5wv9wx6ch1,1,69.6,22.4,2023-01-21T09:08:20.222Z,2023-01-21T09:08:23Z,3986741997,141,6.4,3986741993,56,Right,3986742001,213,5.6,3986741999,212,17.4,3986741995,140,82.5,,,,,,,,,,cqoz8o1pse9uspkqvq3cmges5,S. Galloway,,,,,,,,,,,,,,,,,,,,,,,,,,,,,,,,,,
2499048205,240,1,1,21,48,c33jm806py6adse5wv9wx6ch1,1,80.3,11.7,2023-01-21T09:08:23.247Z,2023-01-21T15:32:59Z,3986742021,213,1.2,3986742017,141,47.6,3986742013,56,Center,3987622331,72,,3987622329,223,,3986742011,155,,3986742015,140,90.6,3986742009,2,,c00r3yls3lf245nbo93m9d6cq,M. Tilio,1,3986742019,212,26.7,3986742083,210,3986742085,154,,,,,,,,,,,,,,,15,,,,,,,,,,,
2499048213,242,43,1,21,49,c33jm806py6adse5wv9wx6ch1,1,0,0,2023-01-21T09:08:24.879Z,2023-01-21T15:32:52Z,3986742051,56,Center,3987623411,144,44,3986742053,286,0,,,,,,,,,,,,,,,,31v9w4cyk1fxlig452kuc65ed,J. Maclaren,,,,,,,,,,,,,,,,,,,,,,,,,,,,,,,,,,
2499048209,161,43,1,21,49,v046no35g7ebk8lytdjmfb43,1,0,0,2023-01-21T09:08:24.880Z,2023-01-21T15:32:52Z,3986742043,56,Back,3986742045,285,0,3986742059,233,242,3987623319,144,44,,,,,,,,,,,,,3zl5ec82f8zebkxkfdz16e3th,T. Aldred,,,,,,,,,,,,,,,,,,,,,,,,,,,,,,,,,,
2499048207,241,15,1,21,50,c33jm806py6adse5wv9wx6ch1,1,91,42.9,2023-01-21T09:08:25.567Z,2023-01-21T15:32:59Z,3986742101,146,99.3,3986742067,15,,3986742027,22,,3986742091,154,,3986742093,55,240,3986742089,29,,3986742097,102,51.5,3986742103,147,47.7,31v9w4cyk1fxlig452kuc65ed,J. Maclaren,,3986742029,17,,3986742071,328,3987624167,78,,3986742031,56,Center,3986742119,233,3986742099,103,18.4,,,,,,,162,,,,,,,,,,
2499048215,162,10,1,21,50,v046no35g7ebk8lytdjmfb43,1,1.9,50.3,2023-01-21T09:08:25.667Z,2023-01-21T15:33:01Z,3986742123,233,241,3986742115,177,,3986742081,56,Back,3987624531,377,,3986742079,182,,3986742117,179,,,,,,,,cb0y1hi0ozn1rx00vx6a1xr6x,J. Holmes,,,,,,,,,,,,,,,,,,,,,,,,,,,,,,,,,,
2499048217,163,52,1,21,54,v046no35g7ebk8lytdjmfb43,1,1.9,50.3,2023-01-21T09:08:29.835Z,2023-01-21T15:33:03Z,3987624775,376,,,,,,,,,,,,,,,,,,,,,,,cb0y1hi0ozn1rx00vx6a1xr6x,J. Holmes,,,,,,,,,,,,,,,,,,,,,,,,,,,,,,,,,,
2499048225,165,1,1,22,14,v046no35g7ebk8lytdjmfb43,0,14,36.9,2023-01-21T09:08:49.362Z,2023-01-21T15:33:22Z,3986742167,56,Back,3986742171,141,20.1,3986753665,189,,3986742175,213,6.0,3986742177,1,,3986742169,140,49.4,3986742165,199,,3986742173,212,38.9,cb0y1hi0ozn1rx00vx6a1xr6x,J. Holmes,,,,,,,,,,,,,,,,,,,,,,,,,,,,,,,,,,
2499048229,244,1,1,22,15,c33jm806py6adse5wv9wx6ch1,0,47.2,70.9,2023-01-21T09:08:50.183Z,2023-01-21T15:33:27Z,3986742187,3,,3986742195,212,12.2,3986742191,140,58.4,3986742193,141,75.4,3986742189,56,Center,3986742197,213,0.3,,,,,,,7cdvlgpi8g3e8ttspzvr1k251,M. Leckie,,,,,,,,,,,,,,,,,,,,,,,,,,,,,,,,,,
2499048235,166,1,1,22,16,v046no35g7ebk8lytdjmfb43,1,43.3,25.6,2023-01-21T09:08:51.907Z,2023-01-21T15:33:31Z,3986742223,212,12.1,3986742219,140,37.9,3986742217,56,Back,3986742221,141,9.9,3986742225,213,4.2,,,,,,,,,,dhnssdf1iuorniavvla5zbwx6,K. Trewin,,,,,,,,,,,,,,,,,,,,,,,,,,,,,,,,,,
2499048239,168,4,1,22,22,v046no35g7ebk8lytdjmfb43,1,39.2,4.4,2023-01-21T09:08:57.259Z,2023-01-21T09:39:41Z,3986742249,286,,3986742247,265,,3986742243,56,Back,3986742241,13,,3986742457,233,245,3986742245,152,,,,,,,,7mgwfxva7w88k90jhjd1wx3o5,S. Neville,,,,,,,,,,,,,,,,,,,,,,,,,,,,,,,,,,
2499048231,245,4,1,22,22,c33jm806py6adse5wv9wx6ch1,0,60.8,95.6,2023-01-21T09:08:57.260Z,2023-01-21T09:49:40Z,3986742203,13,,3986742207,152,,3986742209,265,,3986742211,285,,3986742205,56,Left,3986742461,233,168,,,,,,,446scvw0ckoxnvnsqcqocve1h,V. Berisha,,,,,,,,,,,,,,,,,,,,,,,,,,,,,,,,,,
2499048237,167,43,1,22,25,v046no35g7ebk8lytdjmfb43,1,0,0,2023-01-21T09:09:00.539Z,2023-01-21T09:09:09Z,3986742237,56,Back,3986742239,347,0,3986742253,144,5,,,,,,,,,,,,,,,,dhnssdf1iuorniavvla5zbwx6,K. Trewin,,,,,,,,,,,,,,,,,,,,,,,,,,,,,,,,,,
2499048249,169,1,1,22,41,v046no35g7ebk8lytdjmfb43,0,40.2,5.6,2023-01-21T09:09:16.908Z,2023-01-21T09:39:52Z,3986753779,189,,3986742303,141,18.6,3986742307,213,0.2,3986742295,155,,3986742309,1,,3986742293,5,,3986742297,152,,3986742305,212,57.7,7mgwfxva7w88k90jhjd1wx3o5,S. Neville,,3986742301,140,94.5,3986742299,56,,,,,,,,,,,,,,,,,Right,,,,,,,,,,,
2499048251,247,49,1,22,44,c33jm806py6adse5wv9wx6ch1,1,6.9,89.9,2023-01-21T09:09:19.775Z,2023-01-21T09:09:19Z,,,,,,,,,,,,,,,,,,,,,,,,,dnpala3bol8svyc2awng6iv9x,C. Good,,,,,,,,,,,,,,,,,,,,,,,,,,,,,,,,,,
2499048253,248,1,1,22,44,c33jm806py6adse5wv9wx6ch1,0,6.9,89.9,2023-01-21T09:09:20.015Z,2023-01-21T09:09:24Z,3986742319,141,79.7,3986742321,212,29.6,3986742317,140,34.3,3986742313,157,,3986742325,1,,3986742323,213,6.0,3986742315,56,Back,,,,dnpala3bol8svyc2awng6iv9x,C. Good,,,,,,,,,,,,,,,,,,,,,,,,,,,,,,,,,,
2499049897,355,49,1,22,47,v046no35g7ebk8lytdjmfb43,1,61.3,17.9,2023-01-21T09:09:22.049Z,2023-01-21T09:40:02Z,,,,,,,,,,,,,,,,,,,,,,,,,7mgwfxva7w88k90jhjd1wx3o5,S. Neville,,,,,,,,,,,,,,,,,,,,,,,,,,,,,,,,,,
2499048257,170,1,1,22,48,v046no35g7ebk8lytdjmfb43,1,62.5,17.1,2023-01-21T09:09:23.066Z,2023-01-21T09:09:24Z,3986742339,140,70.4,3986742343,212,9.0,3986742341,141,22.2,3986742345,213,0.4,3986742337,56,Center,,,,,,,,,,7mgwfxva7w88k90jhjd1wx3o5,S. Neville,,,,,,,,,,,,,,,,,,,,,,,,,,,,,,,,,,
2499048259,171,1,1,22,49,v046no35g7ebk8lytdjmfb43,1,71.5,23.1,2023-01-21T09:09:24.426Z,2023-01-21T09:09:25Z,3986742351,140,68.3,3986742355,212,7.7,3986742349,56,Right,3986742357,213,4.3,3986742353,141,12.9,,,,,,,,,,6jri9zzc1ccwcof95srv8h4pg,L. Zabala,,,,,,,,,,,,,,,,,,,,,,,,,,,,,,,,,,
2499048261,172,1,1,22,50,v046no35g7ebk8lytdjmfb43,1,68.3,12.9,2023-01-21T09:09:25.370Z,2023-01-21T09:09:27Z,3986742367,56,Right,3986742371,141,7.0,3986742375,213,6.0,3986742369,140,81.8,3986742373,212,14.7,,,,,,,,,,7mgwfxva7w88k90jhjd1wx3o5,S. Neville,,,,,,,,,,,,,,,,,,,,,,,,,,,,,,,,,,
2499048263,173,1,1,22,52,v046no35g7ebk8lytdjmfb43,1,82.8,7.9,2023-01-21T09:09:27.578Z,2023-01-21T09:09:29Z,3986742387,141,20.3,3986742391,213,0.6,3986742383,56,Right,3986742389,212,15.1,3986742385,140,94.7,,,,,,,,,,4gn22fnshsmgxyayuj2p77v85,J. Hingert,,,,,,,,,,,,,,,,,,,,,,,,,,,,,,,,,,
2499048267,174,3,1,22,54,v046no35g7ebk8lytdjmfb43,0,92.4,20,2023-01-21T09:09:29.357Z,2023-01-21T15:34:13Z,3986742401,286,,3986742409,233,249,3986742399,56,Right,3987633033,465,,,,,,,,,,,,,,uyhh5u2ezau9f095symdh3sa,C. Armiento,,,,,,,,,,,,,,,,,,,,,,,,,,,,,,,,,,
2499048265,249,7,1,22,54,c33jm806py6adse5wv9wx6ch1,0,7.6,80,2023-01-21T09:09:29.358Z,2023-01-21T15:34:14Z,3986742403,233,174,3986742395,56,Back,3986742397,285,,3987633337,385,,,,,,,,,,,,,,dnpala3bol8svyc2awng6iv9x,C. Good,,,,,,,,,,,,,,,,,,,,,,,,,,,,,,,,,,
2499048269,175,61,1,22,55,v046no35g7ebk8lytdjmfb43,0,95,28.5,2023-01-21T09:09:30.370Z,2023-01-21T15:34:13Z,3986742411,56,Center,,,,,,,,,,,,,,,,,,,,,,uyhh5u2ezau9f095symdh3sa,C. Armiento,,,,,,,,,,,,,,,,,,,,,,,,,,,,,,,,,,
2499048287,252,1,1,22,57,c33jm806py6adse5wv9wx6ch1,1,8.5,70.6,2023-01-21T09:09:32.585Z,2023-01-21T09:09:54Z,3986742477,213,4.4,3986742469,56,Back,3986742473,141,63.1,3986742471,140,7.0,3986742475,212,5.3,,,,,,,,,,8wbljx8706rh6uyhf8eegl1w5,S. Jamieson,,,,,,,,,,,,,,,,,,,,,,,,,,,,,,,,,,
2499048271,250,12,1,22,58,c33jm806py6adse5wv9wx6ch1,1,6.3,60.3,2023-01-21T09:09:34.046Z,2023-01-21T09:09:35Z,3986742429,167,,3986742415,140,0.0,3986742417,141,80.5,3986742421,213,2.1,3986742413,56,Back,3986742419,212,16.0,,,,,,,bcytv86dp6kqrsosu6gck9q7d,A. O'Neill,,,,,,,,,,,,,,,,,,,,,,,,,,,,,,,,,,
2499048285,176,6,1,22,59,v046no35g7ebk8lytdjmfb43,1,98,24.3,2023-01-21T09:09:34.784Z,2023-01-21T09:33:20Z,3986742523,233,251,3986742465,56,Center,3986742467,75,,,,,,,,,,,,,,,,,uyhh5u2ezau9f095symdh3sa,C. Armiento,,,,,,,,,,,,,,,,,,,,,,,,,,,,,,,,,,
2499048273,251,6,1,22,59,c33jm806py6adse5wv9wx6ch1,0,2,75.7,2023-01-21T09:09:34.784Z,2023-01-21T15:34:25Z,3986742527,233,176,3986742423,56,Back,3986742425,73,,,,,,,,,,,,,,,,,bcytv86dp6kqrsosu6gck9q7d,A. O'Neill,,,,,,,,,,,,,,,,,,,,,,,,,,,,,,,,,,
2499048309,177,1,1,23,45,v046no35g7ebk8lytdjmfb43,0,99.5,0.5,2023-01-21T09:10:20.587Z,2023-01-21T15:34:57Z,3986742571,223,,3986742567,6,,3986742581,213,1.7,3986742575,140,95.8,3986742569,155,,3987638773,72,,3986742579,212,37.1,3986742577,141,54.8,uyhh5u2ezau9f095symdh3sa,C. Armiento,,3986742583,1,,3986742565,2,3986742573,56,Center,,,,,,,,,,,,,,,,,,,,,,,,,
2499048311,253,44,1,23,52,c33jm806py6adse5wv9wx6ch1,1,4.2,43.1,2023-01-21T09:10:27.545Z,2023-01-21T09:33:22Z,3986742589,285,,3986742623,233,178,3986742587,56,Back,,,,,,,,,,,,,,,,bcytv86dp6kqrsosu6gck9q7d,A. O'Neill,,,,,,,,,,,,,,,,,,,,,,,,,,,,,,,,,,
2499048315,178,44,1,23,52,v046no35g7ebk8lytdjmfb43,0,95.8,56.9,2023-01-21T09:10:27.546Z,2023-01-21T09:14:32Z,3986742619,233,253,3986742597,56,Center,3986742599,286,,,,,,,,,,,,,,,,,4s2umn33b5fo5zcpkwjcbry7d,J. Knowles,,,,,,,,,,,,,,,,,,,,,,,,,,,,,,,,,,
2499048319,179,43,1,23,52,v046no35g7ebk8lytdjmfb43,1,0,0,2023-01-21T09:10:28.042Z,2023-01-21T09:14:57Z,3986742655,15,0,3986742699,103,19,3986742709,231,51.6,3986742653,25,0,3986742657,61,0,3986742705,147,54.7,3986742665,233,254,3986742697,102,51.6,4s2umn33b5fo5zcpkwjcbry7d,J. Knowles,,3986742693,55,177,3986744789,144,3986742611,56,Center,3986742663,82,0,3986742703,146,3986742707,230,99.3,3986742687,78,3986742701,100,0,15,96.4,0,3986742661,328,0,3986742689,29,0,3986742691,154,0
2499048317,254,12,1,23,53,c33jm806py6adse5wv9wx6ch1,1,4,41,2023-01-21T09:10:28.142Z,2023-01-21T09:15:29Z,3986744719,167,,3986744721,140,0.0,3986744725,212,5.9,3986744727,213,3.1,3986744723,141,41.0,3986742603,56,Back,,,,,,,bcytv86dp6kqrsosu6gck9q7d,A. O'Neill,,,,,,,,,,,,,,,,,,,,,,,,,,,,,,,,,,
2499048321,180,6,1,23,54,v046no35g7ebk8lytdjmfb43,1,98.7,57,2023-01-21T09:10:29.195Z,2023-01-21T15:35:17Z,3986742637,233,255,3986742627,56,Center,3986742629,73,,,,,,,,,,,,,,,,,uyhh5u2ezau9f095symdh3sa,C. Armiento,,,,,,,,,,,,,,,,,,,,,,,,,,,,,,,,,,
2499048323,255,6,1,23,54,c33jm806py6adse5wv9wx6ch1,0,1.3,43,2023-01-21T09:10:29.195Z,2023-01-21T15:35:25Z,3986742641,233,180,3986742635,73,,3986742631,56,Back,,,,,,,,,,,,,,,,bcytv86dp6kqrsosu6gck9q7d,A. O'Neill,,,,,,,,,,,,,,,,,,,,,,,,,,,,,,,,,,
2499048331,181,1,1,24,20,v046no35g7ebk8lytdjmfb43,1,99.5,99.5,2023-01-21T09:10:55.355Z,2023-01-21T15:35:51Z,3986743179,154,,3987643045,20,,3986743177,210,13,3986742745,155,,3986742755,212,42.5,3986742741,2,,3986742751,140,91.3,3986742753,141,38.3,abfwfqsv8o9xsnkor896869cl,J. O'Shea,1,3986742743,6,,3986742747,223,3986742757,213,4.5,3986742749,56,Center,3986742759,1,,,,,,,,,,,,,,,,,,,,
2499048333,182,13,1,24,22,v046no35g7ebk8lytdjmfb43,1,91.7,41.7,2023-01-21T09:10:57.650Z,2023-01-21T15:35:52Z,3986743139,153,,3986742767,17,,3986743195,146,95.1,3986743193,103,16.7,3986743197,147,52.7,3986743181,73,,3986743133,15,,3986742769,56,Center,7mgwfxva7w88k90jhjd1wx3o5,S. Neville,,3986743137,328,,3986743201,231,3986743199,230,98.9,3986743191,102,65.0,3986743185,154,3986743131,25,,3986743187,55,3986743183,29,,47.8,,181,,,,,,,,,
2499048355,186,61,1,24,24,v046no35g7ebk8lytdjmfb43,1,92.2,49.9,2023-01-21T09:10:59.402Z,2023-01-21T09:11:26Z,3986742901,56,Center,,,,,,,,,,,,,,,,,,,,,,4s2umn33b5fo5zcpkwjcbry7d,J. Knowles,1,,,,,,,,,,,,,,,,,,,,,,,,,,,,,,,,,
2499048339,183,15,1,24,25,v046no35g7ebk8lytdjmfb43,1,89.7,44.3,2023-01-21T09:11:00.473Z,2023-01-21T15:36:30Z,3987649285,79,,3986742797,56,Center,3986743361,328,,3986743365,147,49.5,3986743269,233,256,3986743359,108,,3986742795,17,,3986743363,146,99.3,3zl5ec82f8zebkxkfdz16e3th,T. Aldred,,3986743263,25,,3986743351,55,3986743355,102,48.6,3986743349,29,,3986743357,103,3986743265,72,,,,,,,186,20.3,,,,,,,,,,
2499048337,256,10,1,24,25,c33jm806py6adse5wv9wx6ch1,1,2.5,49.1,2023-01-21T09:11:00.573Z,2023-01-21T15:36:40Z,3986742787,182,,3986742881,179,,3986742789,56,Back,3987651785,378,,3986743273,233,183,3986742899,174,,,,,,,,77gcx1qotysu9hbi2hw2gjsvd,T. Glover,,,,,,,,,,,,,,,,,,,,,,,,,,,,,,,,,,
2499048341,257,49,1,24,27,c33jm806py6adse5wv9wx6ch1,1,4.2,65.1,2023-01-21T09:11:02.639Z,2023-01-21T09:11:02Z,,,,,,,,,,,,,,,,,,,,,,,,,8wbljx8706rh6uyhf8eegl1w5,S. Jamieson,,,,,,,,,,,,,,,,,,,,,,,,,,,,,,,,,,
2499048345,258,12,1,24,28,c33jm806py6adse5wv9wx6ch1,1,4.2,65.1,2023-01-21T09:11:03.050Z,2023-01-21T09:34:16Z,3986742815,56,Back,3986742823,213,1.8,3986752573,233,184,3986752571,397,,3986742819,141,67.3,3986742817,140,3.9,3986742821,212,1.5,,,,8wbljx8706rh6uyhf8eegl1w5,S. Jamieson,,,,,,,,,,,,,,,,,,,,,,,,,,,,,,,,,,
2499048343,184,74,1,24,28,v046no35g7ebk8lytdjmfb43,1,98.9,30.7,2023-01-21T09:11:03.051Z,2023-01-21T09:34:16Z,3986742809,56,Center,3986752581,233,258,3986752567,397,,3986742811,285,,,,,,,,,,,,,,7mgwfxva7w88k90jhjd1wx3o5,S. Neville,,,,,,,,,,,,,,,,,,,,,,,,,,,,,,,,,,
2499048349,185,5,1,24,29,v046no35g7ebk8lytdjmfb43,0,101.1,22,2023-01-21T09:11:04.958Z,2023-01-21T09:33:16Z,3986742857,233,259,3986742849,56,Center,3986742851,346,,,,,,,,,,,,,,,,,7mgwfxva7w88k90jhjd1wx3o5,S. Neville,,,,,,,,,,,,,,,,,,,,,,,,,,,,,,,,,,
2499048347,259,5,1,24,29,c33jm806py6adse5wv9wx6ch1,1,-1.1,78,2023-01-21T09:11:04.958Z,2023-01-21T09:11:05Z,3986742845,56,Back,3986742847,346,,3986742853,233,185,,,,,,,,,,,,,,,,8wbljx8706rh6uyhf8eegl1w5,S. Jamieson,,,,,,,,,,,,,,,,,,,,,,,,,,,,,,,,,,
2499048359,260,1,1,24,59,c33jm806py6adse5wv9wx6ch1,1,5,63,2023-01-21T09:11:34.686Z,2023-01-21T09:11:38Z,3986742973,213,0.5,3986742965,56,Back,3986742979,74,,3986742969,141,92.6,3986742995,189,,3986742963,124,,3986742975,1,,3986742967,140,38.6,77gcx1qotysu9hbi2hw2gjsvd,T. Glover,,3986742971,212,40.6,,,,,,,,,,,,,,,,,,,,,,,,,,,,,,
2499048361,261,4,1,25,1,c33jm806py6adse5wv9wx6ch1,1,37.5,93.2,2023-01-21T09:11:36.718Z,2023-01-21T09:17:07Z,3986745503,189,,3986742981,13,,3986742985,152,,3986742987,265,,3986743017,233,187,3986742983,56,Back,3986742989,286,,,,,7cdvlgpi8g3e8ttspzvr1k251,M. Leckie,,,,,,,,,,,,,,,,,,,,,,,,,,,,,,,,,,
2499048363,187,4,1,25,1,v046no35g7ebk8lytdjmfb43,0,62.5,6.8,2023-01-21T09:11:36.719Z,2023-01-21T09:17:42Z,3986745497,189,,3986743011,265,,3986743005,13,,3986743007,56,Right,3986743009,152,,3986743025,233,261,3986743013,285,,,,,7mgwfxva7w88k90jhjd1wx3o5,S. Neville,,,,,,,,,,,,,,,,,,,,,,,,,,,,,,,,,,
2499048365,262,1,1,25,12,c33jm806py6adse5wv9wx6ch1,1,38.6,92.6,2023-01-21T09:11:47.598Z,2023-01-21T09:39:12Z,3986743053,140,37.5,3986743043,5,,3986743057,212,46.3,3986743047,196,,3986743049,152,,3986743059,213,4.7,3986743045,155,,3986743055,141,24.6,8wbljx8706rh6uyhf8eegl1w5,S. Jamieson,,3986743051,56,Back,3986743061,1,,,,,,,,,,,,,,,,,,,,,,,,,,,,
2499048367,263,1,1,25,15,c33jm806py6adse5wv9wx6ch1,1,40.2,20.3,2023-01-21T09:11:50.365Z,2023-01-21T09:11:51Z,3986743081,213,5.1,3986743079,212,12.0,3986743075,140,44.2,3986743077,141,3.8,3986743073,56,Back,,,,,,,,,,bdo2grdx1mgm63gii3zar50id,T. Lam,,,,,,,,,,,,,,,,,,,,,,,,,,,,,,,,,,
2499048369,264,1,1,25,16,c33jm806py6adse5wv9wx6ch1,1,42.8,5.2,2023-01-21T09:11:51.885Z,2023-01-21T09:11:53Z,3986743089,141,19.1,3986743093,213,2.4,3986743085,56,Back,3986743087,140,33.6,3986743091,212,13.5,,,,,,,,,,cqoz8o1pse9uspkqvq3cmges5,S. Galloway,,,,,,,,,,,,,,,,,,,,,,,,,,,,,,,,,,
2499048371,265,1,1,25,20,c33jm806py6adse5wv9wx6ch1,1,38.6,36.9,2023-01-21T09:11:55.741Z,2023-01-21T09:11:59Z,3986743119,140,37.1,3986743121,141,67.6,3986743117,56,Back,3986743125,213,1.6,3986743123,212,20.9,,,,,,,,,,bdo2grdx1mgm63gii3zar50id,T. Lam,,,,,,,,,,,,,,,,,,,,,,,,,,,,,,,,,,
2499048373,266,1,1,25,24,c33jm806py6adse5wv9wx6ch1,1,37.1,67.6,2023-01-21T09:11:59.197Z,2023-01-21T09:12:00Z,3986743151,213,1.0,3986743145,140,48.0,3986743149,212,21.7,3986743147,141,94.7,3986743143,56,Back,,,,,,,,,,dnpala3bol8svyc2awng6iv9x,C. Good,,,,,,,,,,,,,,,,,,,,,,,,,,,,,,,,,,
2499048375,267,1,1,25,25,c33jm806py6adse5wv9wx6ch1,1,48,94.7,2023-01-21T09:12:00.349Z,2023-01-21T09:12:05Z,3986743173,213,4.8,3986743165,56,Back,3986743169,141,73.9,3986743171,212,14.2,3986743167,140,48.8,,,,,,,,,,7cdvlgpi8g3e8ttspzvr1k251,M. Leckie,,,,,,,,,,,,,,,,,,,,,,,,,,,,,,,,,,
2499048377,268,1,1,25,30,c33jm806py6adse5wv9wx6ch1,1,68.9,82.6,2023-01-21T09:12:05.533Z,2023-01-21T09:12:07Z,3986743205,140,74.9,3986743209,212,10.4,3986743203,56,Left,3986743207,141,94.8,3986743211,213,0.9,,,,,,,,,,8wbljx8706rh6uyhf8eegl1w5,S. Jamieson,,,,,,,,,,,,,,,,,,,,,,,,,,,,,,,,,,
2499048379,269,1,1,25,32,c33jm806py6adse5wv9wx6ch1,1,74.9,94.8,2023-01-21T09:12:07.197Z,2023-01-21T09:12:10Z,3986743221,140,63.5,3986743225,212,12.2,3986743219,56,Left,3986743227,213,3.3,3986743223,141,91.1,,,,,,,,,,446scvw0ckoxnvnsqcqocve1h,V. Berisha,,,,,,,,,,,,,,,,,,,,,,,,,,,,,,,,,,
2499048385,270,1,1,25,35,c33jm806py6adse5wv9wx6ch1,1,57.7,95.6,2023-01-21T09:12:10.524Z,2023-01-21T09:12:14Z,3986743255,213,3.3,3986743251,141,92.0,3986743253,212,21.5,3986743247,56,Back,3986743249,140,37.4,,,,,,,,,,7cdvlgpi8g3e8ttspzvr1k251,M. Leckie,,,,,,,,,,,,,,,,,,,,,,,,,,,,,,,,,,
2499048387,271,1,1,25,38,c33jm806py6adse5wv9wx6ch1,1,33.7,80,2023-01-21T09:12:13.981Z,2023-01-21T09:12:18Z,3986743287,212,25.8,3986743283,140,35.4,3986743289,213,4.8,3986743281,56,Back,3986743285,141,42.1,,,,,,,,,,dnpala3bol8svyc2awng6iv9x,C. Good,,,,,,,,,,,,,,,,,,,,,,,,,,,,,,,,,,
2499048389,272,1,1,25,42,c33jm806py6adse5wv9wx6ch1,1,39.3,35.5,2023-01-21T09:12:17.917Z,2023-01-21T09:12:19Z,3986743301,213,5.0,3986743299,212,18.9,3986743295,140,44.3,3986743297,141,8.8,3986743293,56,Back,,,,,,,,,,bdo2grdx1mgm63gii3zar50id,T. Lam,,,,,,,,,,,,,,,,,,,,,,,,,,,,,,,,,,
2499048391,273,1,1,25,44,c33jm806py6adse5wv9wx6ch1,1,44.3,8.8,2023-01-21T09:12:19.821Z,2023-01-21T09:12:22Z,3986743325,213,6.0,3986743321,141,4.3,3986743317,56,Right,3986743319,140,54.5,3986743323,212,11.1,,,,,,,,,,cqoz8o1pse9uspkqvq3cmges5,S. Galloway,,,,,,,,,,,,,,,,,,,,,,,,,,,,,,,,,,
2499048393,274,1,1,25,46,c33jm806py6adse5wv9wx6ch1,1,51.7,5.8,2023-01-21T09:12:21.917Z,2023-01-21T09:12:24Z,3986743335,141,10.0,3986743339,213,3.0,3986743331,56,Back,3986743333,140,37.2,3986743337,212,15.5,,,,,,,,,,c00r3yls3lf245nbo93m9d6cq,M. Tilio,,,,,,,,,,,,,,,,,,,,,,,,,,,,,,,,,,
2499048401,275,1,1,25,49,c33jm806py6adse5wv9wx6ch1,1,37.2,10,2023-01-21T09:12:24.397Z,2023-01-21T09:12:27Z,3986743387,140,31.5,3986743391,212,13.9,3986743393,213,2.0,3986743389,141,28.5,3986743385,56,Back,,,,,,,,,,cqoz8o1pse9uspkqvq3cmges5,S. Galloway,,,,,,,,,,,,,,,,,,,,,,,,,,,,,,,,,,
2499048405,276,1,1,25,52,c33jm806py6adse5wv9wx6ch1,1,32.6,34.3,2023-01-21T09:12:27.613Z,2023-01-21T09:12:31Z,3986743413,212,24.6,3986743409,140,28.9,3986743415,213,1.7,3986743407,56,Back,3986743411,141,70.0,,,,,,,,,,bdo2grdx1mgm63gii3zar50id,T. Lam,,,,,,,,,,,,,,,,,,,,,,,,,,,,,,,,,,
2499048409,277,1,1,25,56,c33jm806py6adse5wv9wx6ch1,1,31.1,72.1,2023-01-21T09:12:31.389Z,2023-01-21T09:12:33Z,3986743433,141,81.4,3986743437,213,0.5,3986743429,56,Back,3986743435,212,14.1,3986743431,140,43.1,,,,,,,,,,dnpala3bol8svyc2awng6iv9x,C. Good,,,,,,,,,,,,,,,,,,,,,,,,,,,,,,,,,,
2499048413,278,1,1,25,58,c33jm806py6adse5wv9wx6ch1,1,43.1,81.4,2023-01-21T09:12:33.053Z,2023-01-21T09:12:36Z,3986743463,212,14.3,3986743457,56,Back,3986743465,213,3.3,3986743459,140,29.6,3986743461,141,78.8,,,,,,,,,,446scvw0ckoxnvnsqcqocve1h,V. Berisha,,,,,,,,,,,,,,,,,,,,,,,,,,,,,,,,,,
2499048419,279,1,1,26,1,c33jm806py6adse5wv9wx6ch1,1,34.3,77.2,2023-01-21T09:12:36.813Z,2023-01-21T09:40:00Z,3986743489,141,93.9,3986743493,213,0.9,3986743485,56,Back,3986743487,140,43.6,3986743491,212,15.0,,,,,,,,,,dnpala3bol8svyc2awng6iv9x,C. Good,,,,,,,,,,,,,,,,,,,,,,,,,,,,,,,,,,
2499048423,280,1,1,26,7,c33jm806py6adse5wv9wx6ch1,1,47.8,90,2023-01-21T09:12:42.638Z,2023-01-21T09:12:45Z,3986743507,140,57.9,3986743511,212,41.6,3986743515,1,,3986743503,155,,3986743509,141,30.9,3986743505,56,Center,3986743513,213,5.0,,,,446scvw0ckoxnvnsqcqocve1h,V. Berisha,,,,,,,,,,,,,,,,,,,,,,,,,,,,,,,,,,
2499048431,281,1,1,26,9,c33jm806py6adse5wv9wx6ch1,1,57.9,30.9,2023-01-21T09:12:45.005Z,2023-01-21T09:12:51Z,3986743551,56,Back,3986743555,141,14.9,3986743557,212,20.2,3986743553,140,41.7,3986743549,3,,3986743559,213,3.7,,,,,,,7q8urr40blud747zzb3io8w5x,R. van der Venne,,,,,,,,,,,,,,,,,,,,,,,,,,,,,,,,,,
2499048437,282,1,1,26,16,c33jm806py6adse5wv9wx6ch1,1,63.2,19.7,2023-01-21T09:12:51.581Z,2023-01-21T09:12:55Z,3986743583,212,13.6,3986743577,56,Right,3986743585,213,5.3,3986743581,141,2.8,3986743579,140,70.2,,,,,,,,,,cqoz8o1pse9uspkqvq3cmges5,S. Galloway,,,,,,,,,,,,,,,,,,,,,,,,,,,,,,,,,,
2499048441,283,1,1,26,20,c33jm806py6adse5wv9wx6ch1,1,72.4,7.6,2023-01-21T09:12:55.053Z,2023-01-21T09:12:57Z,3986743601,140,63.4,3986743599,56,Right,3986743605,212,9.4,3986743607,213,3.1,3986743603,141,7.6,,,,,,,,,,c00r3yls3lf245nbo93m9d6cq,M. Tilio,,,,,,,,,,,,,,,,,,,,,,,,,,,,,,,,,,
2499048447,284,1,1,26,22,c33jm806py6adse5wv9wx6ch1,1,65.4,11.7,2023-01-21T09:12:57.821Z,2023-01-21T09:13:00Z,3986743621,141,21.6,3986743617,56,Center,3986743625,213,2.4,3986743619,140,58.4,3986743623,212,10.0,,,,,,,,,,cqoz8o1pse9uspkqvq3cmges5,S. Galloway,,,,,,,,,,,,,,,,,,,,,,,,,,,,,,,,,,
2499048453,285,1,1,26,25,c33jm806py6adse5wv9wx6ch1,1,61.2,22.2,2023-01-21T09:13:00.765Z,2023-01-21T09:13:05Z,3986743651,212,13.9,3986743645,56,Center,3986743647,140,53.6,3986743653,213,2.2,3986743649,141,38.9,,,,,,,,,,bcytv86dp6kqrsosu6gck9q7d,A. O'Neill,,,,,,,,,,,,,,,,,,,,,,,,,,,,,,,,,,
2499048459,286,1,1,26,29,c33jm806py6adse5wv9wx6ch1,1,54.2,41.3,2023-01-21T09:13:04.893Z,2023-01-21T09:13:06Z,3986743671,140,67.3,3986743675,212,31.1,3986743669,56,Left,3986743677,213,1.1,3986743673,141,82.3,,,,,,,,,,bdo2grdx1mgm63gii3zar50id,T. Lam,,,,,,,,,,,,,,,,,,,,,,,,,,,,,,,,,,
2499048461,287,1,1,26,31,c33jm806py6adse5wv9wx6ch1,1,68.7,83,2023-01-21T09:13:06.749Z,2023-01-21T09:13:10Z,3986743705,141,70.0,3986743701,56,Center,3986743709,213,5.2,3986743703,140,73.0,3986743707,212,9.9,,,,,,,,,,8wbljx8706rh6uyhf8eegl1w5,S. Jamieson,,,,,,,,,,,,,,,,,,,,,,,,,,,,,,,,,,
2499048463,288,1,1,26,34,c33jm806py6adse5wv9wx6ch1,1,73,70,2023-01-21T09:13:09.885Z,2023-01-21T09:13:11Z,3986743729,141,71.1,3986743733,213,3.0,3986743727,140,67.7,3986743731,212,5.6,3986743725,56,Center,,,,,,,,,,446scvw0ckoxnvnsqcqocve1h,V. Berisha,,,,,,,,,,,,,,,,,,,,,,,,,,,,,,,,,,
2499048465,289,1,1,26,37,c33jm806py6adse5wv9wx6ch1,1,68.4,70.9,2023-01-21T09:13:12.844Z,2023-01-21T09:13:13Z,3986743763,140,56.2,3986743767,212,13.2,3986743769,213,2.9,3986743765,141,75.6,3986743761,56,Center,,,,,,,,,,bcytv86dp6kqrsosu6gck9q7d,A. O'Neill,,,,,,,,,,,,,,,,,,,,,,,,,,,,,,,,,,
2499048471,290,1,1,26,38,c33jm806py6adse5wv9wx6ch1,1,56.2,75.6,2023-01-21T09:13:13.404Z,2023-01-21T09:13:19Z,3986743839,140,54.0,3986743843,212,36.4,3986743847,1,,3986743837,56,Center,3986743845,213,4.6,3986743841,141,22.2,,,,,,,dnpala3bol8svyc2awng6iv9x,C. Good,,,,,,,,,,,,,,,,,,,,,,,,,,,,,,,,,,
2499048473,291,1,1,26,44,c33jm806py6adse5wv9wx6ch1,1,57.7,19.1,2023-01-21T09:13:19.085Z,2023-01-21T09:13:20Z,3986743873,212,9.9,3986743869,140,62.8,3986743875,213,5.3,3986743871,141,6.8,3986743867,56,Right,,,,,,,,,,cqoz8o1pse9uspkqvq3cmges5,S. Galloway,,,,,,,,,,,,,,,,,,,,,,,,,,,,,,,,,,
2499048477,292,1,1,26,45,c33jm806py6adse5wv9wx6ch1,1,62.8,6.8,2023-01-21T09:13:20.669Z,2023-01-21T09:13:22Z,3986743903,212,9.6,3986743899,140,54.5,3986743897,56,Right,3986743901,141,12.6,3986743905,213,2.7,,,,,,,,,,c00r3yls3lf245nbo93m9d6cq,M. Tilio,,,,,,,,,,,,,,,,,,,,,,,,,,,,,,,,,,
2499048483,293,1,1,26,46,c33jm806py6adse5wv9wx6ch1,1,57.1,14,2023-01-21T09:13:22.045Z,2023-01-21T09:13:25Z,3986743963,56,Center,3986743967,141,25.3,3986743971,213,2.2,3986743965,140,52.1,3986743969,212,9.3,,,,,,,,,,cqoz8o1pse9uspkqvq3cmges5,S. Galloway,,,,,,,,,,,,,,,,,,,,,,,,,,,,,,,,,,
2499048485,294,1,1,26,50,c33jm806py6adse5wv9wx6ch1,1,55.9,23,2023-01-21T09:13:25.117Z,2023-01-21T09:13:29Z,3986744023,141,5.9,3986744027,213,5.2,3986744019,56,Right,3986744025,212,13.5,3986744021,140,62.4,,,,,,,,,,bdo2grdx1mgm63gii3zar50id,T. Lam,,,,,,,,,,,,,,,,,,,,,,,,,,,,,,,,,,
2499048489,295,1,1,26,54,c33jm806py6adse5wv9wx6ch1,1,63.2,5.5,2023-01-21T09:13:29.260Z,2023-01-21T09:13:31Z,3986744053,140,56.4,3986744063,213,3.2,3986744057,141,5.3,3986744061,212,7.1,3986744051,56,Right,,,,,,,,,,7q8urr40blud747zzb3io8w5x,R. van der Venne,,,,,,,,,,,,,,,,,,,,,,,,,,,,,,,,,,
2499048495,296,1,1,26,56,c33jm806py6adse5wv9wx6ch1,1,56.4,5.3,2023-01-21T09:13:31.676Z,2023-01-21T09:38:37Z,3986744121,140,49.2,3986744125,212,12.9,3986744127,213,2.2,3986744119,56,Back,3986744123,141,20.7,,,,,,,,,,cqoz8o1pse9uspkqvq3cmges5,S. Galloway,,,,,,,,,,,,,,,,,,,,,,,,,,,,,,,,,,
2499048499,297,1,1,27,0,c33jm806py6adse5wv9wx6ch1,1,58.4,30,2023-01-21T09:13:35.756Z,2023-01-21T09:13:37Z,3986744159,213,0.1,3986744153,140,68.8,3986744157,212,11.0,3986744155,141,32.1,3986744151,56,Center,,,,,,,,,,bdo2grdx1mgm63gii3zar50id,T. Lam,,,,,,,,,,,,,,,,,,,,,,,,,,,,,,,,,,
2499048505,298,1,1,27,2,c33jm806py6adse5wv9wx6ch1,1,68.8,32.1,2023-01-21T09:13:37.164Z,2023-01-21T09:13:41Z,3986744219,56,Right,3986744227,213,4.7,3986744223,141,3.7,3986744221,140,69.4,3986744225,212,19.3,,,,,,,,,,c00r3yls3lf245nbo93m9d6cq,M. Tilio,,,,,,,,,,,,,,,,,,,,,,,,,,,,,,,,,,
2499048507,299,1,1,27,6,c33jm806py6adse5wv9wx6ch1,0,76,26.1,2023-01-21T09:13:41.516Z,2023-01-21T09:13:45Z,3986744245,212,15.1,3986744241,140,87.6,3986744243,141,39.2,3986744239,56,Center,3986744247,213,0.6,,,,,,,,,,7q8urr40blud747zzb3io8w5x,R. van der Venne,,,,,,,,,,,,,,,,,,,,,,,,,,,,,,,,,,
2499048545,188,12,1,27,8,v046no35g7ebk8lytdjmfb43,1,14.7,55.8,2023-01-21T09:13:43.626Z,2023-01-21T09:14:07Z,3986744405,141,97.2,3986744409,213,0.6,3986744401,56,Left,3986744403,140,52.7,3986744407,212,48.8,,,,,,,,,,dhnssdf1iuorniavvla5zbwx6,K. Trewin,,,,,,,,,,,,,,,,,,,,,,,,,,,,,,,,,,
2499048519,300,1,1,27,14,c33jm806py6adse5wv9wx6ch1,1,47.3,5,2023-01-21T09:13:49.485Z,2023-01-21T09:13:54Z,3986744287,140,42.6,3986744291,212,16.9,3986744289,141,28.8,3986744293,213,1.9,3986744285,56,Back,,,,,,,,,,bdo2grdx1mgm63gii3zar50id,T. Lam,,,,,,,,,,,,,,,,,,,,,,,,,,,,,,,,,,
2499048529,301,1,1,27,19,c33jm806py6adse5wv9wx6ch1,1,42.9,33.4,2023-01-21T09:13:54.556Z,2023-01-21T09:13:58Z,3986744323,212,16.2,3986744325,213,2.3,3986744317,56,Back,3986744321,141,51.6,3986744319,140,32.9,,,,,,,,,,bcytv86dp6kqrsosu6gck9q7d,A. O'Neill,,,,,,,,,,,,,,,,,,,,,,,,,,,,,,,,,,
2499048535,302,1,1,27,23,c33jm806py6adse5wv9wx6ch1,1,36.7,39.2,2023-01-21T09:13:58.636Z,2023-01-21T09:14:03Z,3986744349,212,24.8,3986744347,141,3.8,3986744343,56,Back,3986744351,213,4.9,3986744345,140,42.2,,,,,,,,,,dnpala3bol8svyc2awng6iv9x,C. Good,,,,,,,,,,,,,,,,,,,,,,,,,,,,,,,,,,
2499048539,303,1,1,27,27,c33jm806py6adse5wv9wx6ch1,0,43.9,4.7,2023-01-21T09:14:02.990Z,2023-01-21T09:14:06Z,3986744371,1,,3986744367,212,40.2,3986744363,140,80.9,3986744369,213,0.3,3986744359,155,,3986744361,56,Right,3986744365,141,19.8,,,,bdo2grdx1mgm63gii3zar50id,T. Lam,,,,,,,,,,,,,,,,,,,,,,,,,,,,,,,,,,
2499048547,189,1,1,27,32,v046no35g7ebk8lytdjmfb43,1,13.1,82.6,2023-01-21T09:14:07.385Z,2023-01-21T09:14:09Z,3986744447,213,0.6,3986744443,141,90.5,3986744439,56,Back,3986744441,140,21.4,3986744437,3,,3986744445,212,10.2,,,,,,,3zl5ec82f8zebkxkfdz16e3th,T. Aldred,,,,,,,,,,,,,,,,,,,,,,,,,,,,,,,,,,
2499048551,190,49,1,27,34,v046no35g7ebk8lytdjmfb43,1,20.9,93.6,2023-01-21T09:14:09.722Z,2023-01-21T09:14:10Z,,,,,,,,,,,,,,,,,,,,,,,,,ez47kkcz2wgypddldq97yz2dx,C. Chapman,,,,,,,,,,,,,,,,,,,,,,,,,,,,,,,,,,
2499048559,191,1,1,27,35,v046no35g7ebk8lytdjmfb43,0,20.9,95.9,2023-01-21T09:14:10.602Z,2023-01-21T09:14:15Z,3986744475,140,47.0,3986744481,213,6.2,3986744471,155,,3986744473,56,Back,3986744477,141,93.8,3986744479,212,27.4,,,,,,,ez47kkcz2wgypddldq97yz2dx,C. Chapman,,,,,,,,,,,,,,,,,,,,,,,,,,,,,,,,,,
2499048553,304,44,1,27,37,c33jm806py6adse5wv9wx6ch1,1,55.3,8.4,2023-01-21T09:14:12.460Z,2023-01-21T09:14:14Z,3986744461,286,,3986744459,56,Right,3986744489,233,192,,,,,,,,,,,,,,,,cqoz8o1pse9uspkqvq3cmges5,S. Galloway,,,,,,,,,,,,,,,,,,,,,,,,,,,,,,,,,,
2499048561,192,44,1,27,37,v046no35g7ebk8lytdjmfb43,0,44.7,91.6,2023-01-21T09:14:12.461Z,2023-01-21T09:14:15Z,3986744485,56,Back,3986744497,233,304,3986744487,285,,,,,,,,,,,,,,,,,uyhh5u2ezau9f095symdh3sa,C. Armiento,,,,,,,,,,,,,,,,,,,,,,,,,,,,,,,,,,
2499048557,305,8,1,27,38,c33jm806py6adse5wv9wx6ch1,1,57.8,10.6,2023-01-21T09:14:13.196Z,2023-01-21T15:38:34Z,3987667413,385,,3986744467,56,Right,3986744469,15,,,,,,,,,,,,,,,,,cqoz8o1pse9uspkqvq3cmges5,S. Galloway,,,,,,,,,,,,,,,,,,,,,,,,,,,,,,,,,,
2499048565,193,1,1,27,40,v046no35g7ebk8lytdjmfb43,1,46.8,83.9,2023-01-21T09:14:15.609Z,2023-01-21T09:14:16Z,3986744511,212,6.3,3986744507,140,41.8,3986744509,141,88.9,3986744505,56,Back,3986744513,213,2.6,,,,,,,,,,4s2umn33b5fo5zcpkwjcbry7d,J. Knowles,,,,,,,,,,,,,,,,,,,,,,,,,,,,,,,,,,
2499048567,194,1,1,27,41,v046no35g7ebk8lytdjmfb43,1,43.7,88.7,2023-01-21T09:14:16.425Z,2023-01-21T15:38:44Z,3986744529,141,95.7,3986744533,213,0.3,3986744527,140,57.5,3986744525,56,Left,3986744531,212,15.3,,,,,,,,,,6jri9zzc1ccwcof95srv8h4pg,L. Zabala,,,,,,,,,,,,,,,,,,,,,,,,,,,,,,,,,,
2499048569,195,2,1,27,43,v046no35g7ebk8lytdjmfb43,1,60.5,98.1,2023-01-21T09:14:18.377Z,2023-01-21T15:38:49Z,3986744543,140,67.2,3986744609,7,uyhh5u2ezau9f095symdh3sa,3986744545,141,93.8,3986744541,56,Left,,,,,,,,,,,,,bhl2kwvi52osrdsdnbtw45lyi,J. Courtney-Perkins,,,,,,,,,,,,,,,,,,,,,,,,,,,,,,,,,,
2499048581,306,55,1,27,43,c33jm806py6adse5wv9wx6ch1,1,32.2,53.8,2023-01-21T09:14:18.378Z,2023-01-21T15:38:52Z,,,,,,,,,,,,,,,,,,,,,,,,,8wbljx8706rh6uyhf8eegl1w5,S. Jamieson,,,,,,,,,,,,,,,,,,,,,,,,,,,,,,,,,,
2499048571,196,43,1,27,45,v046no35g7ebk8lytdjmfb43,1,0,0,2023-01-21T09:14:21.018Z,2023-01-21T09:14:36Z,3986744553,56,Left,3986744615,144,5,3986744555,347,0,,,,,,,,,,,,,,,,bhl2kwvi52osrdsdnbtw45lyi,J. Courtney-Perkins,,,,,,,,,,,,,,,,,,,,,,,,,,,,,,,,,,
2499048587,307,1,1,27,56,c33jm806py6adse5wv9wx6ch1,1,36.3,8,2023-01-21T09:14:31.884Z,2023-01-21T15:38:59Z,3986744623,140,19.2,3986744627,212,21.0,3986744629,213,2.6,3986744619,241,,3987670529,189,,3986744625,141,24.0,3986744617,5,,3986744621,56,Back,cqoz8o1pse9uspkqvq3cmges5,S. Galloway,,,,,,,,,,,,,,,,,,,,,,,,,,,,,,,,,,
2499048589,308,1,1,28,1,c33jm806py6adse5wv9wx6ch1,1,23,25.9,2023-01-21T09:14:36.636Z,2023-01-21T09:14:37Z,3986744641,212,14.2,3986744635,56,Back,3986744637,140,30.4,3986744643,213,1.0,3986744639,141,43.4,,,,,,,,,,bdo2grdx1mgm63gii3zar50id,T. Lam,,,,,,,,,,,,,,,,,,,,,,,,,,,,,,,,,,
2499048591,309,1,1,28,2,c33jm806py6adse5wv9wx6ch1,1,30.1,43.3,2023-01-21T09:14:37.820Z,2023-01-21T09:14:41Z,3986744649,56,Back,3986744653,141,5.2,3986744657,213,5.0,3986744655,212,26.7,3986744651,140,36.4,,,,,,,,,,446scvw0ckoxnvnsqcqocve1h,V. Berisha,,,,,,,,,,,,,,,,,,,,,,,,,,,,,,,,,,
2499048593,310,50,1,28,6,c33jm806py6adse5wv9wx6ch1,1,34.9,14.8,2023-01-21T09:14:41.437Z,2023-01-21T09:14:43Z,3986744681,233,197,3986744663,56,Back,3986744665,286,,,,,,,,,,,,,,,,,cqoz8o1pse9uspkqvq3cmges5,S. Galloway,,,,,,,,,,,,,,,,,,,,,,,,,,,,,,,,,,
2499048597,197,7,1,28,6,v046no35g7ebk8lytdjmfb43,0,65.1,85.2,2023-01-21T09:14:41.438Z,2023-01-21T15:39:06Z,3986744675,233,310,3986744671,56,Left,3986744679,285,,3987671541,385,,,,,,,,,,,,,,bhl2kwvi52osrdsdnbtw45lyi,J. Courtney-Perkins,,,,,,,,,,,,,,,,,,,,,,,,,,,,,,,,,,
2499048599,311,1,1,28,7,c33jm806py6adse5wv9wx6ch1,1,33.6,21.5,2023-01-21T09:14:42.845Z,2023-01-21T09:14:46Z,3986744701,141,58.1,3986744699,140,16.2,3986744705,213,2.2,3986744697,56,Back,3986744703,212,30.9,,,,,,,,,,cqoz8o1pse9uspkqvq3cmges5,S. Galloway,,,,,,,,,,,,,,,,,,,,,,,,,,,,,,,,,,
2499048603,312,1,1,28,11,c33jm806py6adse5wv9wx6ch1,1,26.3,44.8,2023-01-21T09:14:46.556Z,2023-01-21T09:14:51Z,3986744741,213,1.0,3986744735,140,33.7,3986744737,141,60.9,3986744733,56,Back,3986744739,212,13.4,,,,,,,,,,dnpala3bol8svyc2awng6iv9x,C. Good,,,,,,,,,,,,,,,,,,,,,,,,,,,,,,,,,,
2499048607,313,1,1,28,16,c33jm806py6adse5wv9wx6ch1,1,36,37,2023-01-21T09:14:51.228Z,2023-01-21T09:14:54Z,3986744763,212,23.9,3986744757,56,Back,3986744765,213,5.1,3986744761,141,3.8,3986744759,140,43.6,,,,,,,,,,7cdvlgpi8g3e8ttspzvr1k251,M. Leckie,,,,,,,,,,,,,,,,,,,,,,,,,,,,,,,,,,
2499048611,314,1,1,28,19,c33jm806py6adse5wv9wx6ch1,1,43.6,3.8,2023-01-21T09:14:54.555Z,2023-01-21T09:15:02Z,3986744803,141,5.2,3986744807,213,3.0,3986744805,212,6.4,3986744799,56,Back,3986744801,140,37.6,,,,,,,,,,7q8urr40blud747zzb3io8w5x,R. van der Venne,,,,,,,,,,,,,,,,,,,,,,,,,,,,,,,,,,
2499048613,198,45,1,28,26,v046no35g7ebk8lytdjmfb43,0,70.6,96.6,2023-01-21T09:15:01.948Z,2023-01-21T09:15:06Z,3986744815,286,,3986744813,56,Left,3986744831,233,315,,,,,,,,,,,,,,,,6jri9zzc1ccwcof95srv8h4pg,L. Zabala,,,,,,,,,,,,,,,,,,,,,,,,,,,,,,,,,,
2499048615,315,3,1,28,26,c33jm806py6adse5wv9wx6ch1,1,29.4,3.4,2023-01-21T09:15:01.948Z,2023-01-21T15:39:34Z,3986744823,285,,3986744825,233,198,3986744821,56,Back,3987675153,464,,,,,,,,,,,,,,cqoz8o1pse9uspkqvq3cmges5,S. Galloway,,,,,,,,,,,,,,,,,,,,,,,,,,,,,,,,,,
2499226081,759,45,1,28,28,v046no35g7ebk8lytdjmfb43,0,70.7,94.8,2023-01-21T09:15:03.979Z,2023-01-21T16:12:51Z,3987864431,233,1054,3987678261,56,Left,3987678263,286,,,,,,,,,,,,,,,,,abfwfqsv8o9xsnkor896869cl,J. O'Shea,,,,,,,,,,,,,,,,,,,,,,,,,,,,,,,,,,
2499226363,1054,3,1,28,28,c33jm806py6adse5wv9wx6ch1,1,29.3,5.2,2023-01-21T09:15:03.979Z,2023-01-21T16:12:51Z,3987679803,285,,3987864387,233,759,3987679805,465,,3987679801,56,Back,,,,,,,,,,,,,cqoz8o1pse9uspkqvq3cmges5,S. Galloway,,,,,,,,,,,,,,,,,,,,,,,,,,,,,,,,,,
2499048617,316,1,1,28,31,c33jm806py6adse5wv9wx6ch1,0,44.8,3.8,2023-01-21T09:15:06.140Z,2023-01-21T09:15:09Z,3986744835,155,,3986744845,213,0.5,3986744841,141,34.3,3986744843,212,42.3,3986744839,140,79.9,3986744847,1,,3986744837,56,Center,,,,cqoz8o1pse9uspkqvq3cmges5,S. Galloway,,,,,,,,,,,,,,,,,,,,,,,,,,,,,,,,,,
2499048619,199,49,1,28,38,v046no35g7ebk8lytdjmfb43,1,18,53.7,2023-01-21T09:15:13.641Z,2023-01-21T09:15:20Z,,,,,,,,,,,,,,,,,,,,,,,,,cb0y1hi0ozn1rx00vx6a1xr6x,J. Holmes,,,,,,,,,,,,,,,,,,,,,,,,,,,,,,,,,,
2499048623,200,1,1,28,42,v046no35g7ebk8lytdjmfb43,1,17.9,45.7,2023-01-21T09:15:17.513Z,2023-01-21T09:15:19Z,3986744883,213,5.3,3986744877,140,24.9,3986744875,56,Back,3986744881,212,14.3,3986744879,141,27.7,,,,,,,,,,cb0y1hi0ozn1rx00vx6a1xr6x,J. Holmes,,,,,,,,,,,,,,,,,,,,,,,,,,,,,,,,,,
2499048625,201,1,1,28,46,v046no35g7ebk8lytdjmfb43,1,22.9,26.1,2023-01-21T09:15:21.753Z,2023-01-21T09:15:22Z,3986744897,140,31.2,3986744901,212,13.3,3986744895,56,Back,3986744903,213,0.9,3986744899,141,40.9,,,,,,,,,,7mgwfxva7w88k90jhjd1wx3o5,S. Neville,,,,,,,,,,,,,,,,,,,,,,,,,,,,,,,,,,
2499048627,202,1,1,28,47,v046no35g7ebk8lytdjmfb43,1,31.2,40.9,2023-01-21T09:15:22.585Z,2023-01-21T09:15:25Z,3986744915,213,4.1,3986744911,141,30.6,3986744907,56,Back,3986744913,212,8.8,3986744909,140,26.2,,,,,,,,,,dhnssdf1iuorniavvla5zbwx6,K. Trewin,,,,,,,,,,,,,,,,,,,,,,,,,,,,,,,,,,
2499048629,203,1,1,28,50,v046no35g7ebk8lytdjmfb43,1,25,32.7,2023-01-21T09:15:25.209Z,2023-01-21T09:15:27Z,3986744937,213,2.9,3986744933,141,39.4,3986744931,140,8.8,3986744929,56,Back,3986744935,212,17.6,,,,,,,,,,7mgwfxva7w88k90jhjd1wx3o5,S. Neville,,,,,,,,,,,,,,,,,,,,,,,,,,,,,,,,,,
2499048633,204,1,1,28,52,v046no35g7ebk8lytdjmfb43,0,9,39.2,2023-01-21T09:15:27.449Z,2023-01-21T09:15:30Z,3986744957,56,Back,3986744967,1,,3986744963,212,34.2,3986744961,141,26.4,3986744959,140,40.5,3986744955,157,,3986744965,213,6.0,,,,cb0y1hi0ozn1rx00vx6a1xr6x,J. Holmes,,,,,,,,,,,,,,,,,,,,,,,,,,,,,,,,,,
2499227727,1055,44,1,28,55,c33jm806py6adse5wv9wx6ch1,1,57.4,89.9,2023-01-21T09:15:30.354Z,2023-01-21T16:13:03Z,3987864569,233,760,3987686827,56,Left,3987686829,286,,,,,,,,,,,,,,,,,8wbljx8706rh6uyhf8eegl1w5,S. Jamieson,,,,,,,,,,,,,,,,,,,,,,,,,,,,,,,,,,
2499227585,760,44,1,28,55,v046no35g7ebk8lytdjmfb43,0,42.6,10.1,2023-01-21T09:15:30.355Z,2023-01-21T16:12:52Z,3987686071,285,,3987864583,233,1055,3987686069,56,Back,,,,,,,,,,,,,,,,4s2umn33b5fo5zcpkwjcbry7d,J. Knowles,,,,,,,,,,,,,,,,,,,,,,,,,,,,,,,,,,
2499048635,317,1,1,28,55,c33jm806py6adse5wv9wx6ch1,0,61.8,88.6,2023-01-21T09:15:30.893Z,2023-01-21T15:41:03Z,3986744977,141,80.6,3986744973,56,Left,3986744979,212,13.7,3986744971,3,,3986744981,213,5.9,3986744975,140,73.8,,,,,,,8wbljx8706rh6uyhf8eegl1w5,S. Jamieson,,,,,,,,,,,,,,,,,,,,,,,,,,,,,,,,,,
2499048637,205,50,1,28,58,v046no35g7ebk8lytdjmfb43,1,31,30.8,2023-01-21T09:15:33.577Z,2023-01-21T09:15:35Z,3986744991,56,Back,3986745013,233,318,3986745017,285,,,,,,,,,,,,,,,,,7mgwfxva7w88k90jhjd1wx3o5,S. Neville,,,,,,,,,,,,,,,,,,,,,,,,,,,,,,,,,,
2499048641,318,7,1,28,58,c33jm806py6adse5wv9wx6ch1,1,69,69.2,2023-01-21T09:15:33.578Z,2023-01-21T15:40:45Z,3986745005,56,Center,3987684809,384,,3986745009,233,205,3986745007,286,,,,,,,,,,,,,,7cdvlgpi8g3e8ttspzvr1k251,M. Leckie,1,,,,,,,,,,,,,,,,,,,,,,,,,,,,,,,,,
2499048643,319,49,1,28,59,c33jm806py6adse5wv9wx6ch1,1,72.8,57,2023-01-21T09:15:34.589Z,2023-01-21T09:15:38Z,,,,,,,,,,,,,,,,,,,,,,,,,7q8urr40blud747zzb3io8w5x,R. van der Venne,,,,,,,,,,,,,,,,,,,,,,,,,,,,,,,,,,
2499048645,320,13,1,29,0,c33jm806py6adse5wv9wx6ch1,1,78.4,57.5,2023-01-21T09:15:35.740Z,2023-01-21T15:41:18Z,3986745083,29,,3986745085,55,318,3986745029,56,Center,3986745025,22,,3986745097,231,49.8,3986745089,102,52.9,3986745093,215,,3986745091,103,68.1,7q8urr40blud747zzb3io8w5x,R. van der Venne,,3986745095,230,98.8,3986745027,18,3986745059,72,,3987689927,74,,,,,,,,,,,,,,,,,,,,,,,
2499048649,206,5,1,29,2,v046no35g7ebk8lytdjmfb43,1,-0.6,47.3,2023-01-21T09:15:37.469Z,2023-01-21T09:33:16Z,3986745047,56,Back,3986745051,233,321,3986745049,346,,,,,,,,,,,,,,,,,7mgwfxva7w88k90jhjd1wx3o5,S. Neville,,,,,,,,,,,,,,,,,,,,,,,,,,,,,,,,,,
2499048647,321,5,1,29,2,c33jm806py6adse5wv9wx6ch1,0,100.6,52.7,2023-01-21T09:15:37.469Z,2023-01-21T09:15:39Z,3986745045,346,,3986745055,233,206,3986745043,56,Center,,,,,,,,,,,,,,,,7q8urr40blud747zzb3io8w5x,R. van der Venne,,,,,,,,,,,,,,,,,,,,,,,,,,,,,,,,,,
2499048663,207,1,1,29,32,v046no35g7ebk8lytdjmfb43,0,4.2,41.6,2023-01-21T09:16:07.370Z,2023-01-21T09:16:46Z,3986745189,212,62.5,3986745193,1,,3986745183,56,Right,3986745187,141,13.8,3986745421,189,,3986745185,140,60.9,3986745181,124,,3986745191,213,6.0,cb0y1hi0ozn1rx00vx6a1xr6x,J. Holmes,,3986745195,74,,,,,,,,,,,,,,,,,,,,,,,,,,,,,,,
2499048661,322,49,1,29,37,c33jm806py6adse5wv9wx6ch1,1,38.1,88.9,2023-01-21T09:16:12.605Z,2023-01-21T09:16:12Z,,,,,,,,,,,,,,,,,,,,,,,,,dnpala3bol8svyc2awng6iv9x,C. Good,,,,,,,,,,,,,,,,,,,,,,,,,,,,,,,,,,
2499048665,323,1,1,29,37,c33jm806py6adse5wv9wx6ch1,1,38.1,88.9,2023-01-21T09:16:12.731Z,2023-01-21T09:16:13Z,3986745201,141,72.7,3986745197,56,Back,3986745205,213,5.4,3986745199,140,46.6,3986745203,212,14.2,,,,,,,,,,dnpala3bol8svyc2awng6iv9x,C. Good,,,,,,,,,,,,,,,,,,,,,,,,,,,,,,,,,,
2499048667,324,1,1,29,38,c33jm806py6adse5wv9wx6ch1,0,43.7,77.9,2023-01-21T09:16:13.724Z,2023-01-21T15:41:35Z,3987692101,141,74.8,3986745211,56,Back,3987692097,140,41.2,3987692107,213,3.8,3987692103,212,3.4,,,,,,,,,,7q8urr40blud747zzb3io8w5x,R. van der Venne,,,,,,,,,,,,,,,,,,,,,,,,,,,,,,,,,,
2499048669,208,49,1,29,39,v046no35g7ebk8lytdjmfb43,1,58.1,31.5,2023-01-21T09:16:14.922Z,2023-01-21T09:16:15Z,,,,,,,,,,,,,,,,,,,,,,,,,dhnssdf1iuorniavvla5zbwx6,K. Trewin,,,,,,,,,,,,,,,,,,,,,,,,,,,,,,,,,,
2499048673,209,1,1,29,40,v046no35g7ebk8lytdjmfb43,1,58,33.1,2023-01-21T09:16:15.433Z,2023-01-21T09:16:19Z,3986745247,213,2.1,3986745239,56,Center,3986745243,141,42.4,3986745241,140,54.1,3986745245,212,7.5,,,,,,,,,,dhnssdf1iuorniavvla5zbwx6,K. Trewin,,,,,,,,,,,,,,,,,,,,,,,,,,,,,,,,,,
2499048675,210,1,1,29,44,v046no35g7ebk8lytdjmfb43,1,68.6,49.1,2023-01-21T09:16:19.560Z,2023-01-21T09:16:22Z,3986745263,212,8.7,3986745257,56,Center,3986745265,213,4.9,3986745261,141,36.7,3986745259,140,70.5,,,,,,,,,,6jri9zzc1ccwcof95srv8h4pg,L. Zabala,,,,,,,,,,,,,,,,,,,,,,,,,,,,,,,,,,
2499048677,211,1,1,29,47,v046no35g7ebk8lytdjmfb43,0,70.7,50.4,2023-01-21T09:16:22.648Z,2023-01-21T09:16:23Z,3986745287,213,1.1,3986745283,141,67.8,3986745279,56,Center,3986745281,140,77.0,3986745285,212,13.6,,,,,,,,,,abfwfqsv8o9xsnkor896869cl,J. O'Shea,,,,,,,,,,,,,,,,,,,,,,,,,,,,,,,,,,
2499229397,1056,49,1,29,49,c33jm806py6adse5wv9wx6ch1,1,19.3,31.7,2023-01-21T09:16:24.259Z,2023-01-21T15:42:01Z,,,,,,,,,,,,,,,,,,,,,,,,,cqoz8o1pse9uspkqvq3cmges5,S. Galloway,,,,,,,,,,,,,,,,,,,,,,,,,,,,,,,,,,
2499048681,325,1,1,29,49,c33jm806py6adse5wv9wx6ch1,1,22.2,31,2023-01-21T09:16:24.940Z,2023-01-21T15:41:56Z,3986745297,141,32.7,3986745293,56,Back,3986745299,212,4.5,3986745301,213,0.3,3986745295,140,26.3,,,,,,,,,,cqoz8o1pse9uspkqvq3cmges5,S. Galloway,,,,,,,,,,,,,,,,,,,,,,,,,,,,,,,,,,
2499048683,326,43,1,29,50,c33jm806py6adse5wv9wx6ch1,1,0,0,2023-01-21T09:16:25.485Z,2023-01-21T15:42:03Z,3987695785,144,49,,,,,,,,,,,,,,,,,,,,,,7q8urr40blud747zzb3io8w5x,R. van der Venne,,,,,,,,,,,,,,,,,,,,,,,,,,,,,,,,,,
2499048685,327,1,1,29,51,c33jm806py6adse5wv9wx6ch1,1,28,31.5,2023-01-21T09:16:26.107Z,2023-01-21T09:16:32Z,3986745335,212,20.8,3986745329,56,Back,3986745331,140,41.9,3986745333,141,9.7,3986745337,213,5.5,,,,,,,,,,7q8urr40blud747zzb3io8w5x,R. van der Venne,,,,,,,,,,,,,,,,,,,,,,,,,,,,,,,,,,
2499048687,328,1,1,29,56,c33jm806py6adse5wv9wx6ch1,1,45.7,7.3,2023-01-21T09:16:32.028Z,2023-01-21T09:16:35Z,3986745349,56,Back,3986745357,213,3.1,3986745353,141,7.9,3986745351,140,27.1,3986745355,212,19.5,,,,,,,,,,c00r3yls3lf245nbo93m9d6cq,M. Tilio,,,,,,,,,,,,,,,,,,,,,,,,,,,,,,,,,,
2499048689,329,1,1,30,0,c33jm806py6adse5wv9wx6ch1,1,27.1,7.9,2023-01-21T09:16:35.820Z,2023-01-21T09:16:37Z,3986745373,141,21.8,3986745369,56,Back,3986745377,213,1.9,3986745375,212,9.9,3986745371,140,24.3,,,,,,,,,,cqoz8o1pse9uspkqvq3cmges5,S. Galloway,,,,,,,,,,,,,,,,,,,,,,,,,,,,,,,,,,
2499048691,330,1,1,30,2,c33jm806py6adse5wv9wx6ch1,1,24.3,21.8,2023-01-21T09:16:37.340Z,2023-01-21T09:16:39Z,3986745387,140,32.9,3986745391,212,11.6,3986745389,141,32.5,3986745393,213,0.7,3986745385,56,Back,,,,,,,,,,bdo2grdx1mgm63gii3zar50id,T. Lam,,,,,,,,,,,,,,,,,,,,,,,,,,,,,,,,,,
2499048693,331,1,1,30,4,c33jm806py6adse5wv9wx6ch1,1,34,36.7,2023-01-21T09:16:39.612Z,2023-01-21T09:16:40Z,3986745405,213,1.3,3986745397,56,Back,3986745401,141,50.1,3986745399,140,36.7,3986745403,212,9.5,,,,,,,,,,bcytv86dp6kqrsosu6gck9q7d,A. O'Neill,,,,,,,,,,,,,,,,,,,,,,,,,,,,,,,,,,
2499048695,332,1,1,30,5,c33jm806py6adse5wv9wx6ch1,1,36.7,50.1,2023-01-21T09:16:40.588Z,2023-01-21T09:16:50Z,3986745435,213,5.4,3986745429,140,44.5,3986745431,141,36.0,3986745427,56,Back,3986745433,212,12.6,,,,,,,,,,446scvw0ckoxnvnsqcqocve1h,V. Berisha,,,,,,,,,,,,,,,,,,,,,,,,,,,,,,,,,,
2499230519,1057,3,1,30,13,c33jm806py6adse5wv9wx6ch1,0,66.5,70,2023-01-21T09:16:48.598Z,2023-01-21T15:42:34Z,3987700991,56,Center,3987700995,464,,3987700997,467,4gn22fnshsmgxyayuj2p77v85,3987700993,286,,,,,,,,,,,,,,bcytv86dp6kqrsosu6gck9q7d,A. O'Neill,,,,,,,,,,,,,,,,,,,,,,,,,,,,,,,,,,
2499048697,333,4,1,30,14,c33jm806py6adse5wv9wx6ch1,1,66.4,72,2023-01-21T09:16:49.595Z,2023-01-21T09:16:53Z,3986745443,13,,3986745463,233,212,3986745447,152,,3986745445,56,Center,3986745449,265,,3986745451,286,,,,,,,,bcytv86dp6kqrsosu6gck9q7d,A. O'Neill,,,,,,,,,,,,,,,,,,,,,,,,,,,,,,,,,,
2499048699,212,4,1,30,14,v046no35g7ebk8lytdjmfb43,0,33.6,28,2023-01-21T09:16:49.596Z,2023-01-21T09:16:54Z,3986745453,13,,3986745457,152,,3986745467,233,333,3986745455,56,Back,3986745461,285,,3986745459,265,,,,,,,,4gn22fnshsmgxyayuj2p77v85,J. Hingert,,,,,,,,,,,,,,,,,,,,,,,,,,,,,,,,,,
2499048703,334,1,1,30,46,c33jm806py6adse5wv9wx6ch1,1,65.3,70.5,2023-01-21T09:17:21.388Z,2023-01-21T09:19:32Z,3986745553,56,Left,3986745557,141,80.0,3986745549,5,,3986745559,212,23.9,3986745555,140,87.2,3986745561,213,0.3,3986745551,152,,,,,8wbljx8706rh6uyhf8eegl1w5,S. Jamieson,,,,,,,,,,,,,,,,,,,,,,,,,,,,,,,,,,
2499048707,213,45,1,30,56,v046no35g7ebk8lytdjmfb43,0,3.2,13,2023-01-21T09:17:31.771Z,2023-01-21T09:17:33Z,3986745583,285,,3986745609,233,335,3986745581,56,Back,,,,,,,,,,,,,,,,4s2umn33b5fo5zcpkwjcbry7d,J. Knowles,,,,,,,,,,,,,,,,,,,,,,,,,,,,,,,,,,
2499048705,335,3,1,30,56,c33jm806py6adse5wv9wx6ch1,1,96.8,87,2023-01-21T09:17:31.771Z,2023-01-21T15:43:19Z,3986745579,286,,3987708033,464,,3986745605,233,213,3986745577,56,Left,,,,,,,,,,,,,446scvw0ckoxnvnsqcqocve1h,V. Berisha,,,,,,,,,,,,,,,,,,,,,,,,,,,,,,,,,,
2499048709,336,1,1,30,56,c33jm806py6adse5wv9wx6ch1,0,98.7,83.5,2023-01-21T09:17:31.980Z,2023-01-21T15:43:24Z,3987708847,20,,3986745603,213,4.4,3986745591,2,,3986745595,56,Center,3986745597,140,94.1,3986745593,155,,3986745601,212,14.8,3987708845,224,,446scvw0ckoxnvnsqcqocve1h,V. Berisha,,3986745599,141,62.9,,,,,,,,,,,,,,,,,,,,,,,,,,,,,,
2499048713,214,12,1,30,59,v046no35g7ebk8lytdjmfb43,1,8.8,37,2023-01-21T09:17:34.056Z,2023-01-21T09:19:22Z,3986745637,141,48.1,3986745633,56,Back,3986745641,213,0.3,3986745639,212,24.6,3986745635,140,31.1,,,,,,,,,,7mgwfxva7w88k90jhjd1wx3o5,S. Neville,,,,,,,,,,,,,,,,,,,,,,,,,,,,,,,,,,
2499048711,337,1,1,31,1,c33jm806py6adse5wv9wx6ch1,1,67.5,58.2,2023-01-21T09:17:36.907Z,2023-01-21T09:17:40Z,3986745621,140,61.3,3986745625,212,25.6,3986745627,213,4.5,3986745619,56,Center,3986745623,141,21.8,,,,,,,,,,cqoz8o1pse9uspkqvq3cmges5,S. Galloway,,,,,,,,,,,,,,,,,,,,,,,,,,,,,,,,,,
2499048717,338,1,1,31,4,c33jm806py6adse5wv9wx6ch1,1,61.4,23.1,2023-01-21T09:17:39.869Z,2023-01-21T09:17:45Z,3986745661,155,,3986745673,213,1.0,3986745665,56,Left,3986745669,141,83.8,3986745667,140,86.7,3986745671,212,49.1,3986745663,196,,3986745675,1,,7q8urr40blud747zzb3io8w5x,R. van der Venne,,,,,,,,,,,,,,,,,,,,,,,,,,,,,,,,,,
2499048725,339,1,1,31,10,c33jm806py6adse5wv9wx6ch1,1,88.9,80.9,2023-01-21T09:17:45.291Z,2023-01-21T15:44:58Z,3986745703,213,4.1,3986746253,210,13,3986745695,56,Center,3986745697,140,80.6,3986746255,154,,3986745699,141,62.7,3986745701,212,15.1,,,,8wbljx8706rh6uyhf8eegl1w5,S. Jamieson,1,,,,,,,,,,,,,,,,,,,,,,,,,,,,,,,,,
2499048727,340,13,1,31,11,c33jm806py6adse5wv9wx6ch1,1,80.6,59.4,2023-01-21T09:17:46.971Z,2023-01-21T15:44:59Z,3986745713,56,Center,3986746261,29,,3986746279,147,40.6,3986746129,153,,3986746275,391,,3986745709,22,,3986746277,146,89.0,3986746283,231,50.7,c00r3yls3lf245nbo93m9d6cq,M. Tilio,,3986746273,328,,3986746259,75,3986746263,154,,3986746265,55,339,3986745711,18,3986746269,102,23.7,3986746271,103,3986746281,230,98.8,,,11.1,3986746257,72,,3987721403,215,,,,
2499048721,215,49,1,31,12,v046no35g7ebk8lytdjmfb43,1,13.9,62.4,2023-01-21T09:17:47.417Z,2023-01-21T09:17:47Z,,,,,,,,,,,,,,,,,,,,,,,,,bhl2kwvi52osrdsdnbtw45lyi,J. Courtney-Perkins,,,,,,,,,,,,,,,,,,,,,,,,,,,,,,,,,,
2499048731,216,1,1,31,14,v046no35g7ebk8lytdjmfb43,0,13.5,66.7,2023-01-21T09:17:49.257Z,2023-01-21T09:17:52Z,3986745731,141,71.1,3986745725,157,,3986745735,213,0.1,3986745729,140,57.2,3986745737,1,,3986745733,212,46.0,3986745727,56,Center,,,,bhl2kwvi52osrdsdnbtw45lyi,J. Courtney-Perkins,,,,,,,,,,,,,,,,,,,,,,,,,,,,,,,,,,
2499048729,341,49,1,31,17,c33jm806py6adse5wv9wx6ch1,1,43.7,30.7,2023-01-21T09:17:52.315Z,2023-01-21T09:17:52Z,,,,,,,,,,,,,,,,,,,,,,,,,dnpala3bol8svyc2awng6iv9x,C. Good,,,,,,,,,,,,,,,,,,,,,,,,,,,,,,,,,,
2499048737,342,61,1,31,20,c33jm806py6adse5wv9wx6ch1,1,45.3,25.5,2023-01-21T09:17:55.660Z,2023-01-21T15:45:16Z,3986745755,56,Back,,,,,,,,,,,,,,,,,,,,,,dnpala3bol8svyc2awng6iv9x,C. Good,,,,,,,,,,,,,,,,,,,,,,,,,,,,,,,,,,
2499048739,343,1,1,31,21,c33jm806py6adse5wv9wx6ch1,1,54,4.6,2023-01-21T09:17:56.987Z,2023-01-21T09:17:59Z,3986745773,140,46.7,3986745777,212,16.2,3986745779,213,2.1,3986745775,141,25.6,3986745771,56,Back,,,,,,,,,,7q8urr40blud747zzb3io8w5x,R. van der Venne,,,,,,,,,,,,,,,,,,,,,,,,,,,,,,,,,,
2499048741,344,1,1,31,24,c33jm806py6adse5wv9wx6ch1,1,48.4,29.8,2023-01-21T09:17:59.739Z,2023-01-21T09:18:01Z,3986745791,140,64.0,3986745795,212,16.4,3986745797,213,6.3,3986745793,141,29.4,3986745789,56,Center,,,,,,,,,,bcytv86dp6kqrsosu6gck9q7d,A. O'Neill,,,,,,,,,,,,,,,,,,,,,,,,,,,,,,,,,,
2499048745,345,1,1,31,26,c33jm806py6adse5wv9wx6ch1,1,64,29.4,2023-01-21T09:18:01.627Z,2023-01-21T09:18:05Z,3986745805,56,Back,3986745813,213,3.1,3986745809,141,29.8,3986745807,140,47.2,3986745811,212,17.6,,,,,,,,,,bdo2grdx1mgm63gii3zar50id,T. Lam,,,,,,,,,,,,,,,,,,,,,,,,,,,,,,,,,,
2499048749,346,1,1,31,29,c33jm806py6adse5wv9wx6ch1,1,55.8,33.9,2023-01-21T09:18:04.939Z,2023-01-21T09:18:07Z,3986745825,140,61.0,3986745831,213,5.0,3986745829,212,20.8,3986745823,56,Right,3986745827,141,4.4,,,,,,,,,,bcytv86dp6kqrsosu6gck9q7d,A. O'Neill,,,,,,,,,,,,,,,,,,,,,,,,,,,,,,,,,,
2499048751,347,1,1,31,33,c33jm806py6adse5wv9wx6ch1,1,67.2,5,2023-01-21T09:18:08.875Z,2023-01-21T09:18:11Z,3986745841,56,Right,3986745845,141,4.4,3986745849,213,6.2,3986745847,212,7.8,3986745843,140,74.6,,,,,,,,,,7q8urr40blud747zzb3io8w5x,R. van der Venne,,,,,,,,,,,,,,,,,,,,,,,,,,,,,,,,,,
2499048753,348,1,1,31,36,c33jm806py6adse5wv9wx6ch1,1,83.1,6.1,2023-01-21T09:18:11.451Z,2023-01-21T09:18:13Z,3986745857,141,7.4,3986745853,56,Right,3986745859,212,9.2,3986745861,213,3.0,3986745855,140,74.4,,,,,,,,,,c00r3yls3lf245nbo93m9d6cq,M. Tilio,,,,,,,,,,,,,,,,,,,,,,,,,,,,,,,,,,
2499048755,349,1,1,31,38,c33jm806py6adse5wv9wx6ch1,0,74.6,15.5,2023-01-21T09:18:13.771Z,2023-01-21T09:18:18Z,3986745869,140,76.1,3986745891,236,,3986745867,56,Right,3986745871,141,19.4,3986745875,213,1.0,3986745873,212,3.1,3986745893,233,217,3986745897,286,,7q8urr40blud747zzb3io8w5x,R. van der Venne,,,,,,,,,,,,,,,,,,,,,,,,,,,,,,,,,,
2499048759,217,74,1,31,38,v046no35g7ebk8lytdjmfb43,1,23.2,86.6,2023-01-21T09:18:13.772Z,2023-01-21T09:18:18Z,3986745887,56,Back,3986745889,285,,3986745901,233,349,,,,,,,,,,,,,,,,bhl2kwvi52osrdsdnbtw45lyi,J. Courtney-Perkins,,,,,,,,,,,,,,,,,,,,,,,,,,,,,,,,,,
2499048761,218,49,1,31,43,v046no35g7ebk8lytdjmfb43,1,25.4,85.1,2023-01-21T09:18:18.408Z,2023-01-21T09:18:18Z,,,,,,,,,,,,,,,,,,,,,,,,,abfwfqsv8o9xsnkor896869cl,J. O'Shea,,,,,,,,,,,,,,,,,,,,,,,,,,,,,,,,,,
2499048765,219,1,1,31,43,v046no35g7ebk8lytdjmfb43,1,25.4,85.3,2023-01-21T09:18:18.968Z,2023-01-21T09:18:21Z,3986745923,212,18.9,3986745925,213,5.5,3986745921,141,65.7,3986745917,56,Back,3986745919,140,38.2,,,,,,,,,,abfwfqsv8o9xsnkor896869cl,J. O'Shea,,,,,,,,,,,,,,,,,,,,,,,,,,,,,,,,,,
2499048767,220,1,1,31,46,v046no35g7ebk8lytdjmfb43,0,41.3,66.4,2023-01-21T09:18:21.432Z,2023-01-21T15:46:01Z,3987730105,140,34.0,3987730121,213,4.0,3987730117,212,11.2,3986745929,56,Back,3987730111,141,54.4,,,,,,,,,,uyhh5u2ezau9f095symdh3sa,C. Armiento,,,,,,,,,,,,,,,,,,,,,,,,,,,,,,,,,,
2499048769,350,49,1,31,47,c33jm806py6adse5wv9wx6ch1,1,69.9,64.8,2023-01-21T09:18:22.571Z,2023-01-21T09:18:22Z,,,,,,,,,,,,,,,,,,,,,,,,,446scvw0ckoxnvnsqcqocve1h,V. Berisha,,,,,,,,,,,,,,,,,,,,,,,,,,,,,,,,,,
2499048771,351,1,1,31,48,c33jm806py6adse5wv9wx6ch1,1,70.8,65.5,2023-01-21T09:18:23.675Z,2023-01-21T09:18:26Z,3986745949,56,Center,3986745957,213,4.2,3986745953,141,45.2,3986745951,140,62.7,3986745955,212,16.2,,,,,,,,,,446scvw0ckoxnvnsqcqocve1h,V. Berisha,,,,,,,,,,,,,,,,,,,,,,,,,,,,,,,,,,
2499048773,352,1,1,31,51,c33jm806py6adse5wv9wx6ch1,1,63.8,43.1,2023-01-21T09:18:26.490Z,2023-01-21T09:18:28Z,3986745975,212,15.2,3986745971,140,72.0,3986745973,141,61.5,3986745969,56,Center,3986745977,213,1.0,,,,,,,,,,bcytv86dp6kqrsosu6gck9q7d,A. O'Neill,,,,,,,,,,,,,,,,,,,,,,,,,,,,,,,,,,
2499048775,353,1,1,31,53,c33jm806py6adse5wv9wx6ch1,1,69.7,62.9,2023-01-21T09:18:28.235Z,2023-01-21T09:18:29Z,3986745987,140,65.7,3986745991,212,9.7,3986745993,213,4.3,3986745989,141,50.0,3986745985,56,Center,,,,,,,,,,446scvw0ckoxnvnsqcqocve1h,V. Berisha,,,,,,,,,,,,,,,,,,,,,,,,,,,,,,,,,,
2499048777,354,1,1,31,54,c33jm806py6adse5wv9wx6ch1,1,65.7,50,2023-01-21T09:18:29.451Z,2023-01-21T09:18:35Z,3986746011,56,Center,3986746019,213,2.1,3986746015,141,66.9,3986746017,212,13.5,3986746013,140,58.9,,,,,,,,,,bcytv86dp6kqrsosu6gck9q7d,A. O'Neill,,,,,,,,,,,,,,,,,,,,,,,,,,,,,,,,,,
2499048779,355,1,1,32,0,c33jm806py6adse5wv9wx6ch1,1,65.5,72.9,2023-01-21T09:18:35.275Z,2023-01-21T09:18:39Z,3986746039,141,56.6,3986746043,213,4.6,3986746037,140,64.8,3986746035,56,Center,3986746041,212,11.1,,,,,,,,,,bdo2grdx1mgm63gii3zar50id,T. Lam,,,,,,,,,,,,,,,,,,,,,,,,,,,,,,,,,,
2499048781,356,1,1,32,4,c33jm806py6adse5wv9wx6ch1,1,69.6,61.2,2023-01-21T09:18:39.515Z,2023-01-21T09:18:40Z,3986746051,56,Center,3986746055,141,69.1,3986746059,213,1.1,3986746057,212,6.1,3986746053,140,72.3,,,,,,,,,,bcytv86dp6kqrsosu6gck9q7d,A. O'Neill,,,,,,,,,,,,,,,,,,,,,,,,,,,,,,,,,,
2499048783,357,1,1,32,5,c33jm806py6adse5wv9wx6ch1,1,72.3,69.1,2023-01-21T09:18:40.762Z,2023-01-21T09:18:42Z,3986746075,56,Center,3986746081,212,15.7,3986746079,141,75.1,3986746083,213,2.9,3986746087,156,,3986746077,140,57.9,,,,,,,446scvw0ckoxnvnsqcqocve1h,V. Berisha,,,,,,,,,,,,,,,,,,,,,,,,,,,,,,,,,,
2499048785,358,1,1,32,7,c33jm806py6adse5wv9wx6ch1,1,57.9,75.1,2023-01-21T09:18:42.603Z,2023-01-21T09:18:45Z,3986746095,141,51.6,3986746091,56,Back,3986746093,140,45.4,3986746097,212,20.7,3986746099,213,4.0,,,,,,,,,,bdo2grdx1mgm63gii3zar50id,T. Lam,,,,,,,,,,,,,,,,,,,,,,,,,,,,,,,,,,
2499048787,359,1,1,32,9,c33jm806py6adse5wv9wx6ch1,1,45.4,51.6,2023-01-21T09:18:44.955Z,2023-01-21T09:18:50Z,3986746113,56,Back,3986746117,141,20.3,3986746121,213,4.8,3986746119,212,21.3,3986746115,140,46.9,,,,,,,,,,dnpala3bol8svyc2awng6iv9x,C. Good,,,,,,,,,,,,,,,,,,,,,,,,,,,,,,,,,,
2499048789,360,1,1,32,15,c33jm806py6adse5wv9wx6ch1,1,56,17.6,2023-01-21T09:18:50.106Z,2023-01-21T09:18:52Z,3986746135,141,46.7,3986746131,56,Center,3986746139,213,1.7,3986746133,140,53.8,3986746137,212,19.9,,,,,,,,,,cqoz8o1pse9uspkqvq3cmges5,S. Galloway,,,,,,,,,,,,,,,,,,,,,,,,,,,,,,,,,,
2499048791,361,1,1,32,17,c33jm806py6adse5wv9wx6ch1,1,53,52.2,2023-01-21T09:18:52.874Z,2023-01-21T09:18:59Z,3986746163,56,Back,3986746171,213,2.3,3986746167,141,68.4,3986746165,140,44.0,3986746169,212,14.5,,,,,,,,,,bcytv86dp6kqrsosu6gck9q7d,A. O'Neill,,,,,,,,,,,,,,,,,,,,,,,,,,,,,,,,,,
2499048793,362,1,1,32,24,c33jm806py6adse5wv9wx6ch1,1,56.6,70.2,2023-01-21T09:18:59.178Z,2023-01-21T09:19:02Z,3986746185,56,Left,3986746193,213,1.2,3986746189,141,92.1,3986746191,212,15.8,3986746187,140,61.6,,,,,,,,,,bdo2grdx1mgm63gii3zar50id,T. Lam,,,,,,,,,,,,,,,,,,,,,,,,,,,,,,,,,,
2499048795,363,1,1,32,26,c33jm806py6adse5wv9wx6ch1,1,63,92.6,2023-01-21T09:19:01.899Z,2023-01-21T09:19:03Z,3986746201,141,76.7,3986746197,56,Center,3986746205,213,5.2,3986746199,140,68.3,3986746203,212,12.2,,,,,,,,,,8wbljx8706rh6uyhf8eegl1w5,S. Jamieson,,,,,,,,,,,,,,,,,,,,,,,,,,,,,,,,,,
2499048797,364,1,1,32,28,c33jm806py6adse5wv9wx6ch1,0,68.3,76.7,2023-01-21T09:19:03.451Z,2023-01-21T09:19:06Z,3986746217,56,Left,3986746221,141,100.0,3986746225,213,1.6,3986746219,140,67.9,3986746223,212,16.9,,,,,,,,,,446scvw0ckoxnvnsqcqocve1h,V. Berisha,,,,,,,,,,,,,,,,,,,,,,,,,,,,,,,,,,
2499048805,221,5,1,32,30,v046no35g7ebk8lytdjmfb43,1,33,-1.8,2023-01-21T09:19:05.902Z,2023-01-21T09:33:17Z,3986746303,233,365,3986746299,56,Back,3986746301,347,,,,,,,,,,,,,,,,,uyhh5u2ezau9f095symdh3sa,C. Armiento,,,,,,,,,,,,,,,,,,,,,,,,,,,,,,,,,,
2499048799,365,5,1,32,30,c33jm806py6adse5wv9wx6ch1,0,67,101.8,2023-01-21T09:19:05.902Z,2023-01-21T09:19:22Z,3986746309,233,221,3986746227,56,Left,3986746229,347,,,,,,,,,,,,,,,,,446scvw0ckoxnvnsqcqocve1h,V. Berisha,,,,,,,,,,,,,,,,,,,,,,,,,,,,,,,,,,
2499048807,222,1,1,32,51,v046no35g7ebk8lytdjmfb43,1,37.8,0,2023-01-21T09:19:26.136Z,2023-01-21T15:46:23Z,3986746333,212,10.6,3986746327,56,Back,3986746329,140,41.7,3986746325,107,,3987733083,189,,3986746331,141,12.6,3986746335,213,1.2,,,,4gn22fnshsmgxyayuj2p77v85,J. Hingert,,,,,,,,,,,,,,,,,,,,,,,,,,,,,,,,,,
2499048811,223,1,1,32,52,v046no35g7ebk8lytdjmfb43,1,41.7,12.6,2023-01-21T09:19:27.095Z,2023-01-21T09:19:28Z,3986746345,56,Back,3986746351,212,14.1,3986746349,141,8.9,3986746353,213,3.3,3986746347,140,28.5,,,,,,,,,,abfwfqsv8o9xsnkor896869cl,J. O'Shea,,,,,,,,,,,,,,,,,,,,,,,,,,,,,,,,,,
2499048813,224,1,1,32,53,v046no35g7ebk8lytdjmfb43,0,30,10.3,2023-01-21T09:19:28.329Z,2023-01-21T09:19:30Z,3986746361,155,,3986746365,140,43.3,3986746369,212,31.7,3986746371,213,1.1,3986746367,141,52.2,3986746363,56,Back,,,,,,,7mgwfxva7w88k90jhjd1wx3o5,S. Neville,,,,,,,,,,,,,,,,,,,,,,,,,,,,,,,,,,
2499048817,366,49,1,32,57,c33jm806py6adse5wv9wx6ch1,1,56.7,46.4,2023-01-21T09:19:32.396Z,2023-01-21T09:19:32Z,,,,,,,,,,,,,,,,,,,,,,,,,c00r3yls3lf245nbo93m9d6cq,M. Tilio,,,,,,,,,,,,,,,,,,,,,,,,,,,,,,,,,,
2499048819,367,1,1,32,58,c33jm806py6adse5wv9wx6ch1,1,60.9,26.8,2023-01-21T09:19:34.042Z,2023-01-21T09:19:40Z,3986746417,213,2.0,3986746409,140,54.9,3986746413,212,13.8,3986746411,141,44.9,3986746407,56,Center,,,,,,,,,,c00r3yls3lf245nbo93m9d6cq,M. Tilio,,,,,,,,,,,,,,,,,,,,,,,,,,,,,,,,,,
2499048821,368,1,1,33,5,c33jm806py6adse5wv9wx6ch1,1,57.4,29.5,2023-01-21T09:19:40.203Z,2023-01-21T09:19:42Z,3986746423,140,61.3,3986746427,212,7.8,3986746425,141,39.2,3986746429,213,1.0,3986746421,56,Center,,,,,,,,,,bcytv86dp6kqrsosu6gck9q7d,A. O'Neill,,,,,,,,,,,,,,,,,,,,,,,,,,,,,,,,,,
2499048823,369,1,1,33,6,c33jm806py6adse5wv9wx6ch1,1,62.5,42.5,2023-01-21T09:19:42.043Z,2023-01-21T09:19:45Z,3986746443,212,23.8,3986746439,140,71.6,3986746437,56,Center,3986746445,213,1.2,3986746441,141,74.5,,,,,,,,,,7q8urr40blud747zzb3io8w5x,R. van der Venne,,,,,,,,,,,,,,,,,,,,,,,,,,,,,,,,,,
2499048825,370,61,1,33,9,c33jm806py6adse5wv9wx6ch1,0,71.6,74.5,2023-01-21T09:19:44.955Z,2023-01-21T09:19:45Z,3986746449,56,Center,,,,,,,,,,,,,,,,,,,,,,446scvw0ckoxnvnsqcqocve1h,V. Berisha,,,,,,,,,,,,,,,,,,,,,,,,,,,,,,,,,,
2499048827,225,49,1,33,11,v046no35g7ebk8lytdjmfb43,1,31.3,12.5,2023-01-21T09:19:46.760Z,2023-01-21T09:19:46Z,,,,,,,,,,,,,,,,,,,,,,,,,7mgwfxva7w88k90jhjd1wx3o5,S. Neville,,,,,,,,,,,,,,,,,,,,,,,,,,,,,,,,,,
2499048829,226,1,1,33,12,v046no35g7ebk8lytdjmfb43,0,32.3,13.4,2023-01-21T09:19:47.271Z,2023-01-21T09:19:48Z,3986746463,213,0.7,3986746457,140,45.4,3986746455,56,Back,3986746461,212,18.3,3986746459,141,31.2,,,,,,,,,,7mgwfxva7w88k90jhjd1wx3o5,S. Neville,,,,,,,,,,,,,,,,,,,,,,,,,,,,,,,,,,
2499048831,371,8,1,33,13,c33jm806py6adse5wv9wx6ch1,1,57.4,71.1,2023-01-21T09:19:48.778Z,2023-01-21T15:46:39Z,3987735389,384,,3986746469,56,Center,,,,,,,,,,,,,,,,,,,7q8urr40blud747zzb3io8w5x,R. van der Venne,,,,,,,,,,,,,,,,,,,,,,,,,,,,,,,,,,
2499048833,372,49,1,33,15,c33jm806py6adse5wv9wx6ch1,1,57,82.1,2023-01-21T09:19:50.347Z,2023-01-21T09:19:50Z,,,,,,,,,,,,,,,,,,,,,,,,,8wbljx8706rh6uyhf8eegl1w5,S. Jamieson,,,,,,,,,,,,,,,,,,,,,,,,,,,,,,,,,,
2499048835,373,1,1,33,17,c33jm806py6adse5wv9wx6ch1,1,62.7,81.5,2023-01-21T09:19:52.362Z,2023-01-21T09:19:55Z,3986746485,56,Center,3986746489,141,74.4,3986746493,213,4.8,3986746491,212,4.9,3986746487,140,63.3,,,,,,,,,,8wbljx8706rh6uyhf8eegl1w5,S. Jamieson,,,,,,,,,,,,,,,,,,,,,,,,,,,,,,,,,,
2499048837,374,61,1,33,19,c33jm806py6adse5wv9wx6ch1,1,63.3,74.4,2023-01-21T09:19:54.907Z,2023-01-21T09:19:55Z,3986746497,56,Center,,,,,,,,,,,,,,,,,,,,,,446scvw0ckoxnvnsqcqocve1h,V. Berisha,,,,,,,,,,,,,,,,,,,,,,,,,,,,,,,,,,
2499048839,375,1,1,33,20,c33jm806py6adse5wv9wx6ch1,1,49.6,66.8,2023-01-21T09:19:55.915Z,2023-01-21T15:46:49Z,3986746507,213,4.4,3986746503,141,42.1,3986746499,56,Back,3986746501,140,44.5,3986746505,212,17.6,,,,,,,,,,7q8urr40blud747zzb3io8w5x,R. van der Venne,,,,,,,,,,,,,,,,,,,,,,,,,,,,,,,,,,
2499048843,376,1,1,33,22,c33jm806py6adse5wv9wx6ch1,1,43.9,44.3,2023-01-21T09:19:57.211Z,2023-01-21T15:46:55Z,3987737613,1,,3986746525,212,36.7,3986746521,140,67.0,3986746523,141,3.8,3986746527,213,5.4,3986746519,56,Right,,,,,,,bdo2grdx1mgm63gii3zar50id,T. Lam,,,,,,,,,,,,,,,,,,,,,,,,,,,,,,,,,,
2499048845,377,1,1,33,27,c33jm806py6adse5wv9wx6ch1,1,68,6.1,2023-01-21T09:20:02.106Z,2023-01-21T09:20:05Z,3986746541,212,6.1,3986746535,56,Right,3986746537,140,73.6,3986746543,213,6.0,3986746539,141,4.0,,,,,,,,,,cqoz8o1pse9uspkqvq3cmges5,S. Galloway,,,,,,,,,,,,,,,,,,,,,,,,,,,,,,,,,,
2499048847,378,1,1,33,30,c33jm806py6adse5wv9wx6ch1,1,71.1,14.7,2023-01-21T09:20:05.674Z,2023-01-21T09:20:08Z,3986746555,141,40.6,3986746551,56,Center,3986746559,213,1.5,3986746553,140,72.2,3986746557,212,17.6,,,,,,,,,,c00r3yls3lf245nbo93m9d6cq,M. Tilio,,,,,,,,,,,,,,,,,,,,,,,,,,,,,,,,,,
2499048849,379,1,1,33,33,c33jm806py6adse5wv9wx6ch1,1,73.3,45.5,2023-01-21T09:20:08.170Z,2023-01-21T09:20:10Z,3986746573,213,1.2,3986746565,56,Center,3986746569,141,70.0,3986746567,140,79.9,3986746571,212,18.0,,,,,,,,,,7q8urr40blud747zzb3io8w5x,R. van der Venne,,,,,,,,,,,,,,,,,,,,,,,,,,,,,,,,,,
2499048853,380,1,1,33,35,c33jm806py6adse5wv9wx6ch1,1,79.9,70,2023-01-21T09:20:10.459Z,2023-01-21T09:20:14Z,3986746605,212,15.8,3986746601,140,92.5,3986746599,56,Left,3986746603,141,82.7,3986746607,213,0.6,,,,,,,,,,8wbljx8706rh6uyhf8eegl1w5,S. Jamieson,,,,,,,,,,,,,,,,,,,,,,,,,,,,,,,,,,
2499048857,381,1,1,33,39,c33jm806py6adse5wv9wx6ch1,0,91,79.3,2023-01-21T09:20:14.443Z,2023-01-21T15:47:05Z,3986746629,236,,3986746635,286,,3986746631,233,227,3986746619,56,Center,3986746627,213,4.2,3987739093,20,,3986746615,2,,3986746623,141,77.8,7cdvlgpi8g3e8ttspzvr1k251,M. Leckie,,3986746621,140,90.5,3987739091,223,3986746617,155,,3986746625,212,1.1,,,,,,,,,,,,,,,,,,,,,,
2499048855,227,12,1,33,39,v046no35g7ebk8lytdjmfb43,1,12.2,19.4,2023-01-21T09:20:14.543Z,2023-01-21T09:20:15Z,3986746639,233,381,3986746613,56,Back,3986746611,185,,,,,,,,,,,,,,,,,4gn22fnshsmgxyayuj2p77v85,J. Hingert,,,,,,,,,,,,,,,,,,,,,,,,,,,,,,,,,,
2499048859,382,56,1,33,44,c33jm806py6adse5wv9wx6ch1,1,0,0,2023-01-21T09:20:19.850Z,2023-01-21T09:20:19Z,3986746651,56,Left,,,,,,,,,,,,,,,,,,,,,,8wbljx8706rh6uyhf8eegl1w5,S. Jamieson,,,,,,,,,,,,,,,,,,,,,,,,,,,,,,,,,,
2499048861,228,5,1,33,46,v046no35g7ebk8lytdjmfb43,0,20.2,-1.1,2023-01-21T09:20:21.128Z,2023-01-21T09:20:23Z,3986746653,56,Back,3986746665,233,383,3986746655,347,,,,,,,,,,,,,,,,,4gn22fnshsmgxyayuj2p77v85,J. Hingert,,,,,,,,,,,,,,,,,,,,,,,,,,,,,,,,,,
2499048863,383,5,1,33,46,c33jm806py6adse5wv9wx6ch1,1,79.8,101.1,2023-01-21T09:20:21.128Z,2023-01-21T09:33:17Z,3986746657,56,Left,3986746661,233,228,3986746659,347,,,,,,,,,,,,,,,,,8wbljx8706rh6uyhf8eegl1w5,S. Jamieson,,,,,,,,,,,,,,,,,,,,,,,,,,,,,,,,,,
2499048867,384,1,1,33,47,c33jm806py6adse5wv9wx6ch1,1,82.4,100,2023-01-21T09:20:23.002Z,2023-01-21T09:20:24Z,3986746689,212,13.2,3986746683,56,Left,3986746687,141,89.0,3986746685,140,73.0,3986746681,107,,3986746691,213,3.9,,,,,,,8wbljx8706rh6uyhf8eegl1w5,S. Jamieson,,,,,,,,,,,,,,,,,,,,,,,,,,,,,,,,,,
2499048869,385,1,1,33,49,c33jm806py6adse5wv9wx6ch1,1,73,89,2023-01-21T09:20:24.474Z,2023-01-21T09:20:25Z,3986746701,140,78.4,3986746705,212,5.8,3986746699,56,Left,3986746707,213,0.2,3986746703,141,90.6,,,,,,,,,,bcytv86dp6kqrsosu6gck9q7d,A. O'Neill,,,,,,,,,,,,,,,,,,,,,,,,,,,,,,,,,,
2499048871,386,1,1,33,49,c33jm806py6adse5wv9wx6ch1,0,78.4,90.6,2023-01-21T09:20:24.906Z,2023-01-21T09:20:26Z,3986746713,140,76.5,3986746717,212,3.9,3986746715,141,85.6,3986746719,213,4.2,3986746711,56,Left,,,,,,,,,,8wbljx8706rh6uyhf8eegl1w5,S. Jamieson,,,,,,,,,,,,,,,,,,,,,,,,,,,,,,,,,,
2499048873,229,8,1,33,51,v046no35g7ebk8lytdjmfb43,1,29.7,9.2,2023-01-21T09:20:26.456Z,2023-01-21T15:47:23Z,3987741717,384,,3986746721,56,Back,,,,,,,,,,,,,,,,,,,abfwfqsv8o9xsnkor896869cl,J. O'Shea,,,,,,,,,,,,,,,,,,,,,,,,,,,,,,,,,,
2499048875,230,1,1,33,52,v046no35g7ebk8lytdjmfb43,0,17.4,10.4,2023-01-21T09:20:27.064Z,2023-01-21T09:20:31Z,3986746735,56,Back,3986746741,212,13.0,3986746745,1,,3986746739,141,15.8,3986746743,213,0.3,3986746733,157,,3986746737,140,29.3,,,,4gn22fnshsmgxyayuj2p77v85,J. Hingert,,,,,,,,,,,,,,,,,,,,,,,,,,,,,,,,,,
2499048877,387,1,1,33,55,c33jm806py6adse5wv9wx6ch1,1,75.2,85,2023-01-21T09:20:30.522Z,2023-01-21T09:20:33Z,3986746755,56,Left,3986746759,141,94.1,3986746761,212,6.2,3986746763,213,1.5,3986746757,140,75.7,,,,,,,,,,bcytv86dp6kqrsosu6gck9q7d,A. O'Neill,,,,,,,,,,,,,,,,,,,,,,,,,,,,,,,,,,
2499048879,388,1,1,33,58,c33jm806py6adse5wv9wx6ch1,0,75.7,94.1,2023-01-21T09:20:33.754Z,2023-01-21T09:20:35Z,3986746775,141,78.2,3986746779,213,5.1,3986746771,56,Center,3986746773,140,79.8,3986746777,212,11.6,,,,,,,,,,8wbljx8706rh6uyhf8eegl1w5,S. Jamieson,,,,,,,,,,,,,,,,,,,,,,,,,,,,,,,,,,
2499048883,231,4,1,34,3,v046no35g7ebk8lytdjmfb43,1,18.1,27.9,2023-01-21T09:20:38.415Z,2023-01-21T16:12:50Z,3986746811,152,,3986746805,13,,3986746885,295,,3986746887,233,389,3986746809,56,Back,3986746813,285,,,,,,,,3zl5ec82f8zebkxkfdz16e3th,T. Aldred,,,,,,,,,,,,,,,,,,,,,,,,,,,,,,,,,,
2499048893,389,4,1,34,3,c33jm806py6adse5wv9wx6ch1,0,81.9,72.1,2023-01-21T09:20:38.416Z,2023-01-21T15:47:49Z,3986746869,56,Center,3986746871,152,,3986746867,295,,3986746881,233,231,3986746865,13,,3986746873,286,,,,,,,,31v9w4cyk1fxlig452kuc65ed,J. Maclaren,,,,,,,,,,,,,,,,,,,,,,,,,,,,,,,,,,
2499048899,232,1,1,34,22,v046no35g7ebk8lytdjmfb43,1,23.5,33.1,2023-01-21T09:20:57.783Z,2023-01-21T09:21:03Z,3986746919,56,Back,3986746921,140,24.5,3986746917,152,,3986746925,212,22.2,3986746927,213,1.5,3986746923,141,65.7,3986746915,5,,,,,3zl5ec82f8zebkxkfdz16e3th,T. Aldred,,,,,,,,,,,,,,,,,,,,,,,,,,,,,,,,,,
2499048901,233,1,1,34,28,v046no35g7ebk8lytdjmfb43,0,32.3,66.1,2023-01-21T09:21:03.624Z,2023-01-21T15:48:16Z,3986746947,213,0.9,3986746933,56,Back,3986746941,141,87.7,3986746945,212,18.8,3986746937,140,43.5,,,,,,,,,,ez47kkcz2wgypddldq97yz2dx,C. Chapman,,,,,,,,,,,,,,,,,,,,,,,,,,,,,,,,,,
2499048903,390,1,1,34,30,c33jm806py6adse5wv9wx6ch1,0,58.3,9.7,2023-01-21T09:21:05.386Z,2023-01-21T15:48:14Z,3986746955,56,Right,3987747841,212,7.4,3987747837,141,0.0,3987747835,140,58.7,3987747831,3,,3987747843,213,4.8,,,,,,,c00r3yls3lf245nbo93m9d6cq,M. Tilio,,,,,,,,,,,,,,,,,,,,,,,,,,,,,,,,,,
2499048919,234,5,1,34,31,v046no35g7ebk8lytdjmfb43,1,43.8,101.4,2023-01-21T09:21:06.135Z,2023-01-21T09:21:18Z,3986747047,347,,3986747049,233,391,3986747045,56,Back,,,,,,,,,,,,,,,,ez47kkcz2wgypddldq97yz2dx,C. Chapman,,,,,,,,,,,,,,,,,,,,,,,,,,,,,,,,,,
2499048907,391,5,1,34,31,c33jm806py6adse5wv9wx6ch1,0,56.2,-1.4,2023-01-21T09:21:06.135Z,2023-01-21T09:33:17Z,3986746969,347,,3986747053,233,234,3986746967,56,Right,,,,,,,,,,,,,,,,c00r3yls3lf245nbo93m9d6cq,M. Tilio,,,,,,,,,,,,,,,,,,,,,,,,,,,,,,,,,,
2499048925,235,1,1,34,43,v046no35g7ebk8lytdjmfb43,1,49.7,100,2023-01-21T09:21:18.263Z,2023-01-21T15:49:11Z,3986747109,213,5.8,3986747107,212,26.0,3986747161,210,13,3986747099,107,,3986747103,140,72.1,3986747101,56,Left,3986747105,141,85.3,3986747111,1,,bhl2kwvi52osrdsdnbtw45lyi,J. Courtney-Perkins,1,,,,,,,,,,,,,,,,,,,,,,,,,,,,,,,,,
2499048929,237,13,1,34,48,v046no35g7ebk8lytdjmfb43,1,89,76.5,2023-01-21T09:21:23.079Z,2023-01-21T15:49:12Z,3987753431,215,,3986747177,231,54.5,3986747173,103,4.2,3986747171,102,42.4,3986747175,230,98.9,3986747121,22,,3986747125,56,Center,3986747165,29,,4s2umn33b5fo5zcpkwjcbry7d,J. Knowles,,3986747145,72,,3986747167,55,3986747163,84,,3986747123,64,,,,,,,,,,,,235,,,,,,,,,,,
2499048927,236,5,1,34,49,v046no35g7ebk8lytdjmfb43,0,101.3,39.9,2023-01-21T09:21:24.089Z,2023-01-21T09:33:17Z,3986747115,56,Center,3986747139,233,392,3986747117,346,,,,,,,,,,,,,,,,,4s2umn33b5fo5zcpkwjcbry7d,J. Knowles,,,,,,,,,,,,,,,,,,,,,,,,,,,,,,,,,,
2499048923,392,5,1,34,49,c33jm806py6adse5wv9wx6ch1,1,-1.3,60.1,2023-01-21T09:21:24.089Z,2023-01-21T09:21:25Z,3986747095,56,Back,3986747133,233,236,3986747097,346,,,,,,,,,,,,,,,,,dnpala3bol8svyc2awng6iv9x,C. Good,,,,,,,,,,,,,,,,,,,,,,,,,,,,,,,,,,
2499048935,393,1,1,35,12,c33jm806py6adse5wv9wx6ch1,0,2.7,57.3,2023-01-21T09:21:47.723Z,2023-01-21T09:21:49Z,3986747233,124,,3986747237,140,45.9,3986747247,74,,3986747243,213,0.6,3986747239,141,100.0,3986747241,212,54.4,3986747245,1,,3986747255,189,,77gcx1qotysu9hbi2hw2gjsvd,T. Glover,,3986747235,56,Back,,,,,,,,,,,,,,,,,,,,,,,,,,,,,,
2499048941,238,5,1,35,13,v046no35g7ebk8lytdjmfb43,1,54.7,-1.1,2023-01-21T09:21:48.332Z,2023-01-21T09:33:18Z,3986747277,347,,3986747275,56,Right,3986747279,233,394,,,,,,,,,,,,,,,,4s2umn33b5fo5zcpkwjcbry7d,J. Knowles,,,,,,,,,,,,,,,,,,,,,,,,,,,,,,,,,,
2499048937,394,5,1,35,13,c33jm806py6adse5wv9wx6ch1,0,45.3,101.1,2023-01-21T09:21:48.332Z,2023-01-21T09:21:53Z,3986747251,347,,3986747249,56,Back,3986747283,233,238,,,,,,,,,,,,,,,,77gcx1qotysu9hbi2hw2gjsvd,T. Glover,,,,,,,,,,,,,,,,,,,,,,,,,,,,,,,,,,
2499048943,239,1,1,35,18,v046no35g7ebk8lytdjmfb43,1,55,0,2023-01-21T09:21:53.175Z,2023-01-21T09:21:55Z,3986747299,212,19.4,3986747301,213,2.9,3986747293,56,Back,3986747297,141,5.2,3986747295,140,37.0,3986747291,107,,,,,,,,4gn22fnshsmgxyayuj2p77v85,J. Hingert,,,,,,,,,,,,,,,,,,,,,,,,,,,,,,,,,,
2499048949,240,1,1,35,20,v046no35g7ebk8lytdjmfb43,1,35.6,8,2023-01-21T09:21:55.143Z,2023-01-21T09:21:58Z,3986747315,140,42.0,3986747321,213,1.1,3986747317,141,26.1,3986747313,56,Back,3986747319,212,14.0,,,,,,,,,,7mgwfxva7w88k90jhjd1wx3o5,S. Neville,,,,,,,,,,,,,,,,,,,,,,,,,,,,,,,,,,
2499048953,241,1,1,35,22,v046no35g7ebk8lytdjmfb43,1,38.9,25.6,2023-01-21T09:21:57.943Z,2023-01-21T09:22:00Z,3986747343,212,12.5,3986747339,140,38.3,3986747341,141,7.3,3986747345,213,4.7,3986747337,56,Back,,,,,,,,,,dhnssdf1iuorniavvla5zbwx6,K. Trewin,,,,,,,,,,,,,,,,,,,,,,,,,,,,,,,,,,
2499048955,242,1,1,35,25,v046no35g7ebk8lytdjmfb43,1,39.5,6.5,2023-01-21T09:22:00.279Z,2023-01-21T09:22:03Z,3986747353,56,Right,3986747357,141,17.7,3986747355,140,60.1,3986747361,213,0.3,3986747359,212,22.9,,,,,,,,,,7mgwfxva7w88k90jhjd1wx3o5,S. Neville,,,,,,,,,,,,,,,,,,,,,,,,,,,,,,,,,,
2499048963,243,1,1,35,27,v046no35g7ebk8lytdjmfb43,1,64.3,29.4,2023-01-21T09:22:03.016Z,2023-01-21T09:22:08Z,3986747409,141,90.0,3986747413,213,1.4,3986747407,140,72.2,3986747403,196,,3986747401,155,,3986747405,56,Left,3986747411,212,42.0,3986747415,1,,4s2umn33b5fo5zcpkwjcbry7d,J. Knowles,,,,,,,,,,,,,,,,,,,,,,,,,,,,,,,,,,
2499048967,244,1,1,35,33,v046no35g7ebk8lytdjmfb43,0,79.7,91.4,2023-01-21T09:22:08.247Z,2023-01-21T15:49:35Z,3986747437,140,93.3,3987755725,72,,3986747433,155,,3986747439,141,45.8,3986747443,213,5.1,3986747445,1,,3986747441,212,34.1,3987755723,224,,bhl2kwvi52osrdsdnbtw45lyi,J. Courtney-Perkins,,3986747431,2,,3986747435,56,,,,,,,,,,,,,,,,,Center,,,,,,,,,,,
2499048965,395,8,1,35,35,c33jm806py6adse5wv9wx6ch1,1,6.7,58.5,2023-01-21T09:22:11.034Z,2023-01-21T15:49:41Z,3986747421,56,Back,3987756071,385,,,,,,,,,,,,,,,,,,,,8wbljx8706rh6uyhf8eegl1w5,S. Jamieson,,,,,,,,,,,,,,,,,,,,,,,,,,,,,,,,,,
2499048971,245,5,1,35,36,v046no35g7ebk8lytdjmfb43,1,86.5,-0.8,2023-01-21T09:22:11.442Z,2023-01-21T09:33:18Z,3986747523,233,396,3986752181,347,,3986747463,56,Right,,,,,,,,,,,,,,,,bhl2kwvi52osrdsdnbtw45lyi,J. Courtney-Perkins,,,,,,,,,,,,,,,,,,,,,,,,,,,,,,,,,,
2499048969,396,5,1,35,36,c33jm806py6adse5wv9wx6ch1,0,13.5,100.8,2023-01-21T09:22:11.442Z,2023-01-21T09:32:54Z,3986747447,56,Back,3986752183,347,,3986747561,233,245,,,,,,,,,,,,,,,,8wbljx8706rh6uyhf8eegl1w5,S. Jamieson,,,,,,,,,,,,,,,,,,,,,,,,,,,,,,,,,,
2499048977,246,1,1,36,3,v046no35g7ebk8lytdjmfb43,1,88.5,0,2023-01-21T09:22:38.823Z,2023-01-21T09:23:31Z,3986747539,212,16.5,3986747533,56,Right,3986747537,141,5.8,3986747615,107,,3986747535,140,73.6,3986747541,213,2.8,,,,,,,4gn22fnshsmgxyayuj2p77v85,J. Hingert,,,,,,,,,,,,,,,,,,,,,,,,,,,,,,,,,,
2499048979,247,1,1,36,4,v046no35g7ebk8lytdjmfb43,0,70.7,6.9,2023-01-21T09:22:39.543Z,2023-01-21T09:23:40Z,3986747553,213,0.8,3986747547,140,76.1,3986747545,56,Right,3986747549,141,15.9,3986747551,212,8.3,,,,,,,,,,7mgwfxva7w88k90jhjd1wx3o5,S. Neville,,,,,,,,,,,,,,,,,,,,,,,,,,,,,,,,,,
2499049001,401,61,1,36,5,c33jm806py6adse5wv9wx6ch1,1,24.3,65.5,2023-01-21T09:22:40.142Z,2023-01-21T09:23:11Z,3986747681,56,Back,,,,,,,,,,,,,,,,,,,,,,446scvw0ckoxnvnsqcqocve1h,V. Berisha,,,,,,,,,,,,,,,,,,,,,,,,,,,,,,,,,,
2499048983,248,15,1,36,10,v046no35g7ebk8lytdjmfb43,1,74.5,52.2,2023-01-21T09:22:45.087Z,2023-01-21T15:50:18Z,3986747951,102,53.6,3986747589,18,,3986747955,215,,3986747957,458,,3986747591,56,Center,3986747953,103,1.9,3986747949,76,,3986747587,22,,uyhh5u2ezau9f095symdh3sa,C. Armiento,,3986747961,147,50.4,3986747901,233,3986747897,72,,3986747959,146,99.0,,,,,,,,,,,398,,,,,,,,,,,
2499048987,398,10,1,36,10,c33jm806py6adse5wv9wx6ch1,1,2.1,50.1,2023-01-21T09:22:45.187Z,2023-01-21T16:12:51Z,3986747611,56,Back,3986747605,177,,3987759115,376,,3986747607,180,,3986747905,233,248,3986747609,182,,,,,,,,77gcx1qotysu9hbi2hw2gjsvd,T. Glover,,,,,,,,,,,,,,,,,,,,,,,,,,,,,,,,,,
2499048985,397,52,1,36,11,c33jm806py6adse5wv9wx6ch1,1,2.1,50.1,2023-01-21T09:22:46.388Z,2023-01-21T15:50:23Z,3987759277,376,,,,,,,,,,,,,,,,,,,,,,,77gcx1qotysu9hbi2hw2gjsvd,T. Glover,,,,,,,,,,,,,,,,,,,,,,,,,,,,,,,,,,
2499048995,399,1,1,36,17,c33jm806py6adse5wv9wx6ch1,1,2.1,50.1,2023-01-21T09:22:52.329Z,2023-01-21T15:50:29Z,3986747649,56,Back,3986747647,123,,3986747657,213,5.3,3986747653,141,24.1,3986747651,140,14.5,3986747655,212,22.0,3987759689,189,,,,,77gcx1qotysu9hbi2hw2gjsvd,T. Glover,,,,,,,,,,,,,,,,,,,,,,,,,,,,,,,,,,
2499048999,400,1,1,36,20,c33jm806py6adse5wv9wx6ch1,1,17.4,25.3,2023-01-21T09:22:55.961Z,2023-01-21T09:22:59Z,3986747675,212,20.5,3986747671,140,4.5,3986747673,141,47.9,3986747669,56,Back,3986747677,213,2.3,,,,,,,,,,bdo2grdx1mgm63gii3zar50id,T. Lam,,,,,,,,,,,,,,,,,,,,,,,,,,,,,,,,,,
2499049005,402,1,1,36,29,c33jm806py6adse5wv9wx6ch1,1,11.6,46.1,2023-01-21T09:23:04.074Z,2023-01-21T09:23:05Z,3986747701,155,,3986747705,140,65.3,3986747711,213,6.2,3986747709,212,56.5,3986747713,1,,3986747707,141,41.8,3986747703,56,Center,,,,77gcx1qotysu9hbi2hw2gjsvd,T. Glover,,,,,,,,,,,,,,,,,,,,,,,,,,,,,,,,,,
2499049007,403,44,1,36,30,c33jm806py6adse5wv9wx6ch1,1,65,41.1,2023-01-21T09:23:05.142Z,2023-01-21T09:23:06Z,3986747725,233,249,3986747717,56,Center,3986747719,286,,,,,,,,,,,,,,,,,31v9w4cyk1fxlig452kuc65ed,J. Maclaren,,,,,,,,,,,,,,,,,,,,,,,,,,,,,,,,,,
2499049003,249,44,1,36,30,v046no35g7ebk8lytdjmfb43,0,35,58.9,2023-01-21T09:23:05.143Z,2023-01-21T09:23:06Z,3986747737,233,403,3986747697,56,Back,3986747699,285,,,,,,,,,,,,,,,,,3zl5ec82f8zebkxkfdz16e3th,T. Aldred,,,,,,,,,,,,,,,,,,,,,,,,,,,,,,,,,,
2499049011,404,1,1,36,30,c33jm806py6adse5wv9wx6ch1,0,59.1,39.4,2023-01-21T09:23:05.434Z,2023-01-21T15:50:46Z,3986747749,140,78.8,3986747743,3,,3986747753,212,21.2,3986747747,56,Center,3986747755,213,0.2,3986747745,168,,3986747751,141,46.4,,,,31v9w4cyk1fxlig452kuc65ed,J. Maclaren,,,,,,,,,,,,,,,,,,,,,,,,,,,,,,,,,,
2499049013,250,1,1,36,32,v046no35g7ebk8lytdjmfb43,1,19.4,53.4,2023-01-21T09:23:07.720Z,2023-01-21T15:50:50Z,3986747767,140,18.0,3986747771,212,27.3,3986747769,141,93.5,3986747765,56,Back,3986747773,213,1.6,,,,,,,,,,7mgwfxva7w88k90jhjd1wx3o5,S. Neville,,,,,,,,,,,,,,,,,,,,,,,,,,,,,,,,,,
2499049015,251,49,1,36,35,v046no35g7ebk8lytdjmfb43,1,18,93.5,2023-01-21T09:23:10.422Z,2023-01-21T09:23:10Z,,,,,,,,,,,,,,,,,,,,,,,,,ez47kkcz2wgypddldq97yz2dx,C. Chapman,,,,,,,,,,,,,,,,,,,,,,,,,,,,,,,,,,
2499049019,252,1,1,36,36,v046no35g7ebk8lytdjmfb43,1,16.3,93.9,2023-01-21T09:23:11.542Z,2023-01-21T09:23:13Z,3986747787,141,75.0,3986747783,56,Back,3986747791,213,3.9,3986747789,212,19.0,3986747785,140,3.0,,,,,,,,,,ez47kkcz2wgypddldq97yz2dx,C. Chapman,,,,,,,,,,,,,,,,,,,,,,,,,,,,,,,,,,
2499049021,253,1,1,36,38,v046no35g7ebk8lytdjmfb43,0,3,75,2023-01-21T09:23:13.544Z,2023-01-21T09:23:18Z,3986747825,141,100.0,3986747831,1,,3986747821,56,Back,3986747829,213,0.4,3986747823,140,38.1,3986747827,212,40.9,3986747819,157,,,,,cb0y1hi0ozn1rx00vx6a1xr6x,J. Holmes,,,,,,,,,,,,,,,,,,,,,,,,,,,,,,,,,,
2499049023,254,5,1,36,42,v046no35g7ebk8lytdjmfb43,0,41.2,101.5,2023-01-21T09:23:17.129Z,2023-01-21T09:33:18Z,3986747857,233,405,3986747835,56,Back,3986747837,347,,,,,,,,,,,,,,,,,cb0y1hi0ozn1rx00vx6a1xr6x,J. Holmes,,,,,,,,,,,,,,,,,,,,,,,,,,,,,,,,,,
2499049029,405,5,1,36,42,c33jm806py6adse5wv9wx6ch1,1,58.8,-1.5,2023-01-21T09:23:17.129Z,2023-01-21T09:23:21Z,3986747847,56,Right,3986747853,233,254,3986747849,347,,,,,,,,,,,,,,,,,31v9w4cyk1fxlig452kuc65ed,J. Maclaren,,,,,,,,,,,,,,,,,,,,,,,,,,,,,,,,,,
2499049031,406,1,1,36,46,c33jm806py6adse5wv9wx6ch1,1,55.7,0,2023-01-21T09:23:21.546Z,2023-01-21T09:23:22Z,3986747873,213,1.3,3986747865,56,Right,3986747869,141,15.8,3986747863,107,,3986747867,140,59.1,3986747871,212,12.6,,,,,,,cqoz8o1pse9uspkqvq3cmges5,S. Galloway,,,,,,,,,,,,,,,,,,,,,,,,,,,,,,,,,,
2499049035,407,1,1,36,47,c33jm806py6adse5wv9wx6ch1,1,59.1,15.8,2023-01-21T09:23:22.714Z,2023-01-21T09:23:24Z,3986747885,56,Right,3986747893,213,4.9,3986747889,141,3.4,3986747891,212,8.6,3986747887,140,60.9,,,,,,,,,,bcytv86dp6kqrsosu6gck9q7d,A. O'Neill,,,,,,,,,,,,,,,,,,,,,,,,,,,,,,,,,,
2499049039,408,1,1,36,49,c33jm806py6adse5wv9wx6ch1,1,61.7,7.3,2023-01-21T09:23:24.362Z,2023-01-21T09:23:26Z,3986747921,140,43.2,3986747925,212,19.5,3986747927,213,3.2,3986747919,56,Back,3986747923,141,4.7,,,,,,,,,,cqoz8o1pse9uspkqvq3cmges5,S. Galloway,,,,,,,,,,,,,,,,,,,,,,,,,,,,,,,,,,
2499049049,409,1,1,36,51,c33jm806py6adse5wv9wx6ch1,1,43.2,4.7,2023-01-21T09:23:26.537Z,2023-01-21T09:23:34Z,3986747985,140,35.6,3986747989,212,26.7,3986747991,213,1.9,3986747983,56,Back,3986747987,141,42.2,,,,,,,,,,bdo2grdx1mgm63gii3zar50id,T. Lam,,,,,,,,,,,,,,,,,,,,,,,,,,,,,,,,,,
2499049053,410,1,1,36,59,c33jm806py6adse5wv9wx6ch1,1,46.5,44.8,2023-01-21T09:23:34.793Z,2023-01-21T09:23:37Z,3986748007,213,0.7,3986748003,141,57.3,3986748001,140,56.9,3986748005,212,13.8,3986747999,56,Center,,,,,,,,,,dnpala3bol8svyc2awng6iv9x,C. Good,,,,,,,,,,,,,,,,,,,,,,,,,,,,,,,,,,
2499049057,411,1,1,37,2,c33jm806py6adse5wv9wx6ch1,1,56.9,57.3,2023-01-21T09:23:37.833Z,2023-01-21T09:23:41Z,3986748029,141,80.0,3986748027,140,55.1,3986748033,213,1.7,3986748031,212,15.6,3986748025,56,Left,,,,,,,,,,446scvw0ckoxnvnsqcqocve1h,V. Berisha,,,,,,,,,,,,,,,,,,,,,,,,,,,,,,,,,,
2499049059,412,1,1,37,5,c33jm806py6adse5wv9wx6ch1,1,55.2,79.9,2023-01-21T09:23:40.985Z,2023-01-21T09:23:44Z,3986748041,141,66.6,3986748037,56,Back,3986748045,213,3.8,3986748043,212,15.8,3986748039,140,42.9,,,,,,,,,,8wbljx8706rh6uyhf8eegl1w5,S. Jamieson,,,,,,,,,,,,,,,,,,,,,,,,,,,,,,,,,,
2499049061,413,1,1,37,8,c33jm806py6adse5wv9wx6ch1,1,46.2,70,2023-01-21T09:23:43.993Z,2023-01-21T09:23:47Z,3986748063,140,55.6,3986748067,212,14.6,3986748069,213,0.8,3986748065,141,85.9,3986748061,56,Left,,,,,,,,,,dnpala3bol8svyc2awng6iv9x,C. Good,,,,,,,,,,,,,,,,,,,,,,,,,,,,,,,,,,
2499049063,414,1,1,37,11,c33jm806py6adse5wv9wx6ch1,1,58.7,93.2,2023-01-21T09:23:46.985Z,2023-01-21T09:23:50Z,3986748081,56,Left,3986748085,141,97.1,3986748087,212,13.2,3986748083,140,71.0,3986748089,213,0.2,,,,,,,,,,8wbljx8706rh6uyhf8eegl1w5,S. Jamieson,,,,,,,,,,,,,,,,,,,,,,,,,,,,,,,,,,
2499049065,415,1,1,37,15,c33jm806py6adse5wv9wx6ch1,1,66.8,96.8,2023-01-21T09:23:50.649Z,2023-01-21T09:23:53Z,3986748103,212,13.5,3986748099,140,63.4,3986748097,56,Center,3986748105,213,4.4,3986748101,141,77.6,,,,,,,,,,7cdvlgpi8g3e8ttspzvr1k251,M. Leckie,,,,,,,,,,,,,,,,,,,,,,,,,,,,,,,,,,
2499049067,416,1,1,37,18,c33jm806py6adse5wv9wx6ch1,0,63.4,77.6,2023-01-21T09:23:53.049Z,2023-01-21T09:23:54Z,3986748115,212,25.7,3986748111,140,82.3,3986748113,141,100.0,3986748117,213,0.7,3986748109,56,Left,,,,,,,,,,446scvw0ckoxnvnsqcqocve1h,V. Berisha,,,,,,,,,,,,,,,,,,,,,,,,,,,,,,,,,,
2499049071,255,5,1,37,19,v046no35g7ebk8lytdjmfb43,1,23.2,-1.5,2023-01-21T09:23:54.095Z,2023-01-21T09:33:18Z,3986748141,347,,3986748139,56,Back,3986748143,233,417,,,,,,,,,,,,,,,,cb0y1hi0ozn1rx00vx6a1xr6x,J. Holmes,,,,,,,,,,,,,,,,,,,,,,,,,,,,,,,,,,
2499049069,417,5,1,37,19,c33jm806py6adse5wv9wx6ch1,0,76.8,101.5,2023-01-21T09:23:54.095Z,2023-01-21T09:24:00Z,3986748121,347,,3986748147,233,255,3986748119,56,Left,,,,,,,,,,,,,,,,446scvw0ckoxnvnsqcqocve1h,V. Berisha,,,,,,,,,,,,,,,,,,,,,,,,,,,,,,,,,,
2499049073,256,1,1,37,25,v046no35g7ebk8lytdjmfb43,1,28.6,0,2023-01-21T09:24:00.054Z,2023-01-21T15:51:23Z,3986748155,140,18.9,3986748151,107,,3986748161,213,2.5,3986748153,56,Back,3987762523,189,,3986748157,141,10.0,3986748159,212,12.8,,,,4gn22fnshsmgxyayuj2p77v85,J. Hingert,,,,,,,,,,,,,,,,,,,,,,,,,,,,,,,,,,
2499049075,257,1,1,37,26,v046no35g7ebk8lytdjmfb43,1,18.8,10,2023-01-21T09:24:01.270Z,2023-01-21T09:24:03Z,3986748185,212,13.3,3986748179,56,Back,3986748181,140,24.7,3986748183,141,27.3,3986748187,213,1.1,,,,,,,,,,7mgwfxva7w88k90jhjd1wx3o5,S. Neville,,,,,,,,,,,,,,,,,,,,,,,,,,,,,,,,,,
2499049079,258,1,1,37,28,v046no35g7ebk8lytdjmfb43,1,25.3,24.6,2023-01-21T09:24:03.142Z,2023-01-21T09:24:05Z,3986748201,140,21.3,3986748205,212,10.5,3986748199,56,Back,3986748207,213,4.3,3986748203,141,10.4,,,,,,,,,,dhnssdf1iuorniavvla5zbwx6,K. Trewin,,,,,,,,,,,,,,,,,,,,,,,,,,,,,,,,,,
2499049081,259,1,1,37,30,v046no35g7ebk8lytdjmfb43,1,23,11.4,2023-01-21T09:24:05.478Z,2023-01-21T09:24:07Z,3986748221,212,13.5,3986748217,140,35.2,3986748219,141,17.6,3986748215,56,Back,3986748223,213,0.3,,,,,,,,,,7mgwfxva7w88k90jhjd1wx3o5,S. Neville,,,,,,,,,,,,,,,,,,,,,,,,,,,,,,,,,,
2499049087,260,1,1,37,32,v046no35g7ebk8lytdjmfb43,1,36.7,18.2,2023-01-21T09:24:07.446Z,2023-01-21T09:24:13Z,3986748263,213,1.4,3986748257,140,38.6,3986748255,56,Back,3986748259,141,35.5,3986748261,212,11.9,,,,,,,,,,6jri9zzc1ccwcof95srv8h4pg,L. Zabala,,,,,,,,,,,,,,,,,,,,,,,,,,,,,,,,,,
2499049089,261,4,1,37,34,v046no35g7ebk8lytdjmfb43,1,41.4,39.9,2023-01-21T09:24:09.192Z,2023-01-21T09:24:13Z,3986748273,152,,3986748277,233,418,3986748269,294,,3986748275,286,,3986748267,13,,3986748271,56,Back,,,,,,,dhnssdf1iuorniavvla5zbwx6,K. Trewin,,,,,,,,,,,,,,,,,,,,,,,,,,,,,,,,,,
2499049085,418,4,1,37,34,c33jm806py6adse5wv9wx6ch1,0,58.6,60.1,2023-01-21T09:24:09.193Z,2023-01-21T09:24:13Z,3986748243,294,,3986748247,152,,3986748249,285,,3986748283,233,261,3986748245,56,Center,3986748241,13,,,,,,,,7cdvlgpi8g3e8ttspzvr1k251,M. Leckie,,,,,,,,,,,,,,,,,,,,,,,,,,,,,,,,,,
2499049091,262,1,1,37,49,v046no35g7ebk8lytdjmfb43,1,45.1,46,2023-01-21T09:24:24.342Z,2023-01-21T09:24:29Z,3986748311,140,45.4,3986748307,152,,3986748315,212,15.9,3986748317,213,1.6,3986748309,56,Back,3986748305,5,,3986748313,141,69.4,,,,3zl5ec82f8zebkxkfdz16e3th,T. Aldred,,,,,,,,,,,,,,,,,,,,,,,,,,,,,,,,,,
2499049093,263,1,1,37,54,v046no35g7ebk8lytdjmfb43,0,46.9,67.3,2023-01-21T09:24:29.639Z,2023-01-21T09:24:34Z,3986748339,213,5.7,3986748331,56,Center,3986748335,141,37.1,3986748329,155,,3986748337,212,37.2,3986748333,140,76.4,3986748341,1,,,,,ez47kkcz2wgypddldq97yz2dx,C. Chapman,,,,,,,,,,,,,,,,,,,,,,,,,,,,,,,,,,
2499049097,419,44,1,37,57,c33jm806py6adse5wv9wx6ch1,1,25.9,66.1,2023-01-21T09:24:32.966Z,2023-01-21T09:24:33Z,3986748349,56,Back,3986748351,285,,3986748353,233,264,,,,,,,,,,,,,,,,dnpala3bol8svyc2awng6iv9x,C. Good,,,,,,,,,,,,,,,,,,,,,,,,,,,,,,,,,,
2499049095,264,44,1,37,57,v046no35g7ebk8lytdjmfb43,0,74.1,33.9,2023-01-21T09:24:32.967Z,2023-01-21T09:24:34Z,3986748345,56,Center,3986748369,233,419,3986748347,286,,,,,,,,,,,,,,,,,4s2umn33b5fo5zcpkwjcbry7d,J. Knowles,,,,,,,,,,,,,,,,,,,,,,,,,,,,,,,,,,
2499049099,420,12,1,37,58,c33jm806py6adse5wv9wx6ch1,1,28.1,69.3,2023-01-21T09:24:33.353Z,2023-01-21T09:24:34Z,3986748371,15,,3986748357,56,Back,3986748363,212,1.9,3986748359,140,29.9,3986748361,141,70.0,3986748365,213,0.2,,,,,,,dnpala3bol8svyc2awng6iv9x,C. Good,,,,,,,,,,,,,,,,,,,,,,,,,,,,,,,,,,
2499049103,265,1,1,38,0,v046no35g7ebk8lytdjmfb43,0,78.5,30.9,2023-01-21T09:24:35.358Z,2023-01-21T09:25:44Z,3986748395,236,,3986748391,212,1.1,3986748401,286,,3986748385,56,Center,3986748387,140,79.5,3986748389,141,31.3,3986748393,213,0.3,3986748397,233,421,abfwfqsv8o9xsnkor896869cl,J. O'Shea,,,,,,,,,,,,,,,,,,,,,,,,,,,,,,,,,,
2499049101,421,74,1,38,0,c33jm806py6adse5wv9wx6ch1,1,28,70.5,2023-01-21T09:24:35.359Z,2023-01-21T09:34:22Z,3986748379,285,,3986748403,233,265,3986748377,56,Back,,,,,,,,,,,,,,,,dnpala3bol8svyc2awng6iv9x,C. Good,,,,,,,,,,,,,,,,,,,,,,,,,,,,,,,,,,
2499049105,422,49,1,38,1,c33jm806py6adse5wv9wx6ch1,1,14.2,67.2,2023-01-21T09:24:36.666Z,2023-01-21T09:24:36Z,,,,,,,,,,,,,,,,,,,,,,,,,dnpala3bol8svyc2awng6iv9x,C. Good,,,,,,,,,,,,,,,,,,,,,,,,,,,,,,,,,,
2499049109,423,1,1,38,2,c33jm806py6adse5wv9wx6ch1,1,14.2,67.2,2023-01-21T09:24:37.225Z,2023-01-21T09:24:40Z,3986748423,140,31.3,3986748427,212,20.6,3986748425,141,82.0,3986748421,56,Back,3986748429,213,0.5,,,,,,,,,,dnpala3bol8svyc2awng6iv9x,C. Good,,,,,,,,,,,,,,,,,,,,,,,,,,,,,,,,,,
2499049107,266,45,1,38,5,v046no35g7ebk8lytdjmfb43,0,69.6,17.6,2023-01-21T09:24:40.166Z,2023-01-21T09:24:42Z,3986748447,233,424,3986748417,56,Right,3986748419,286,,,,,,,,,,,,,,,,,7mgwfxva7w88k90jhjd1wx3o5,S. Neville,,,,,,,,,,,,,,,,,,,,,,,,,,,,,,,,,,
2499049111,424,3,1,38,5,c33jm806py6adse5wv9wx6ch1,1,30.4,82.4,2023-01-21T09:24:40.166Z,2023-01-21T15:52:10Z,3986748441,233,266,3986748433,56,Back,3987764767,464,,3986748435,285,,,,,,,,,,,,,,7cdvlgpi8g3e8ttspzvr1k251,M. Leckie,,,,,,,,,,,,,,,,,,,,,,,,,,,,,,,,,,
2499049113,425,3,1,38,5,c33jm806py6adse5wv9wx6ch1,0,31.4,79.3,2023-01-21T09:24:40.921Z,2023-01-21T15:52:12Z,3986748437,56,Back,3986748457,233,267,3987764837,465,,3986748439,285,,,,,,,,,,,,,,7cdvlgpi8g3e8ttspzvr1k251,M. Leckie,,,,,,,,,,,,,,,,,,,,,,,,,,,,,,,,,,
2499049115,267,7,1,38,5,v046no35g7ebk8lytdjmfb43,1,68.6,20.7,2023-01-21T09:24:40.922Z,2023-01-21T15:52:15Z,3986748453,233,425,3986748451,286,,3987764975,383,,3986748449,56,Right,,,,,,,,,,,,,6jri9zzc1ccwcof95srv8h4pg,L. Zabala,,,,,,,,,,,,,,,,,,,,,,,,,,,,,,,,,,
2499049117,268,49,1,38,7,v046no35g7ebk8lytdjmfb43,1,68.4,24.7,2023-01-21T09:24:42.342Z,2023-01-21T09:24:42Z,,,,,,,,,,,,,,,,,,,,,,,,,6jri9zzc1ccwcof95srv8h4pg,L. Zabala,,,,,,,,,,,,,,,,,,,,,,,,,,,,,,,,,,
2499049119,269,1,1,38,7,v046no35g7ebk8lytdjmfb43,1,68.4,24.7,2023-01-21T09:24:42.486Z,2023-01-21T09:24:44Z,3986748467,212,7.4,3986748463,140,74.1,3986748469,213,0.6,3986748461,56,Center,3986748465,141,31.2,,,,,,,,,,6jri9zzc1ccwcof95srv8h4pg,L. Zabala,,,,,,,,,,,,,,,,,,,,,,,,,,,,,,,,,,
2499049123,270,1,1,38,9,v046no35g7ebk8lytdjmfb43,1,74.7,31.3,2023-01-21T09:24:44.134Z,2023-01-21T15:52:28Z,3986748483,141,21.3,3986748487,213,4.3,3986748479,56,Center,3987765889,156,,3986748485,212,7.4,3986748481,140,72.0,,,,,,,uyhh5u2ezau9f095symdh3sa,C. Armiento,,,,,,,,,,,,,,,,,,,,,,,,,,,,,,,,,,
2499049125,271,1,1,38,10,v046no35g7ebk8lytdjmfb43,0,76.8,24.4,2023-01-21T09:24:45.959Z,2023-01-21T15:52:32Z,3986748499,141,41.6,3986748503,213,0.8,3987766265,20,,3986748493,155,,3986748497,140,87.2,3986748495,56,Center,3987766263,224,,3986748491,2,,abfwfqsv8o9xsnkor896869cl,J. O'Shea,,3986748501,212,16.0,,,,,,,,,,,,,,,,,,,,,,,,,,,,,,
2499049127,426,12,1,38,12,c33jm806py6adse5wv9wx6ch1,1,13.2,70.2,2023-01-21T09:24:47.945Z,2023-01-21T09:24:51Z,3986748523,212,33.9,3986748527,15,,3986748519,140,14.0,3986748525,213,4.7,3986748521,141,20.3,3986748517,56,Back,,,,,,,dnpala3bol8svyc2awng6iv9x,C. Good,,,,,,,,,,,,,,,,,,,,,,,,,,,,,,,,,,
2499049131,272,1,1,38,20,v046no35g7ebk8lytdjmfb43,0,90.6,94.8,2023-01-21T09:24:55.174Z,2023-01-21T09:24:55Z,3986748557,213,4.5,3986748553,141,83.5,3986748551,140,89.1,3986748549,56,Left,3986748555,212,7.8,,,,,,,,,,bhl2kwvi52osrdsdnbtw45lyi,J. Courtney-Perkins,,,,,,,,,,,,,,,,,,,,,,,,,,,,,,,,,,
2499049129,427,49,1,38,20,c33jm806py6adse5wv9wx6ch1,1,12.9,17.4,2023-01-21T09:24:55.513Z,2023-01-21T09:24:55Z,,,,,,,,,,,,,,,,,,,,,,,,,7q8urr40blud747zzb3io8w5x,R. van der Venne,,,,,,,,,,,,,,,,,,,,,,,,,,,,,,,,,,
2499049133,428,1,1,38,20,c33jm806py6adse5wv9wx6ch1,1,12.9,17.4,2023-01-21T09:24:55.673Z,2023-01-21T09:24:59Z,3986748603,213,5.4,3986748595,56,Back,3986748597,140,19.4,3986748599,141,5.2,3986748601,212,10.7,,,,,,,,,,7q8urr40blud747zzb3io8w5x,R. van der Venne,,,,,,,,,,,,,,,,,,,,,,,,,,,,,,,,,,
2499049135,429,1,1,38,24,c33jm806py6adse5wv9wx6ch1,1,24.6,12,2023-01-21T09:24:59.848Z,2023-01-21T09:25:04Z,3986748621,213,2.8,3986748617,141,17.9,3986748613,56,Back,3986748619,212,11.4,3986748615,140,14.4,,,,,,,,,,c00r3yls3lf245nbo93m9d6cq,M. Tilio,,,,,,,,,,,,,,,,,,,,,,,,,,,,,,,,,,
2499049137,430,1,1,38,29,c33jm806py6adse5wv9wx6ch1,0,14.9,24.4,2023-01-21T09:25:04.809Z,2023-01-21T09:25:08Z,3986748639,212,44.2,3986748643,1,,3986748637,141,17.0,3986748633,56,Right,3986748631,155,,3986748635,140,56.7,3986748641,213,6.2,,,,7q8urr40blud747zzb3io8w5x,R. van der Venne,,,,,,,,,,,,,,,,,,,,,,,,,,,,,,,,,,
2499049139,273,1,1,38,35,v046no35g7ebk8lytdjmfb43,1,43.1,78.7,2023-01-21T09:25:10.646Z,2023-01-21T09:25:11Z,3986748667,212,20.9,3986748663,140,62.6,3986748669,213,0.2,3986748661,56,Left,3986748665,141,85.0,,,,,,,,,,ez47kkcz2wgypddldq97yz2dx,C. Chapman,,,,,,,,,,,,,,,,,,,,,,,,,,,,,,,,,,
2499049141,274,49,1,38,36,v046no35g7ebk8lytdjmfb43,1,62.6,85,2023-01-21T09:25:11.670Z,2023-01-21T09:25:12Z,,,,,,,,,,,,,,,,,,,,,,,,,bhl2kwvi52osrdsdnbtw45lyi,J. Courtney-Perkins,,,,,,,,,,,,,,,,,,,,,,,,,,,,,,,,,,
2499049143,275,1,1,38,37,v046no35g7ebk8lytdjmfb43,1,62.6,85,2023-01-21T09:25:12.486Z,2023-01-21T09:25:14Z,3986748689,213,5.5,3986748683,140,71.4,3986748687,212,13.0,3986748685,141,71.5,3986748681,56,Center,,,,,,,,,,bhl2kwvi52osrdsdnbtw45lyi,J. Courtney-Perkins,,,,,,,,,,,,,,,,,,,,,,,,,,,,,,,,,,
2499049145,276,1,1,38,39,v046no35g7ebk8lytdjmfb43,1,71.6,71.5,2023-01-21T09:25:14.502Z,2023-01-21T09:25:15Z,3986748701,141,86.0,3986748705,213,2.3,3986748699,140,63.6,3986748697,56,Left,3986748703,212,13.0,,,,,,,,,,abfwfqsv8o9xsnkor896869cl,J. O'Shea,,,,,,,,,,,,,,,,,,,,,,,,,,,,,,,,,,
2499049147,277,1,1,38,40,v046no35g7ebk8lytdjmfb43,1,63.6,86,2023-01-21T09:25:15.238Z,2023-01-21T09:25:17Z,3986748725,212,8.8,3986748721,140,61.3,3986748723,141,73.6,3986748719,56,Center,3986748727,213,4.4,,,,,,,,,,ez47kkcz2wgypddldq97yz2dx,C. Chapman,,,,,,,,,,,,,,,,,,,,,,,,,,,,,,,,,,
2499049149,278,1,1,38,42,v046no35g7ebk8lytdjmfb43,1,64.1,72.6,2023-01-21T09:25:17.703Z,2023-01-21T09:25:23Z,3986748761,56,Right,3986748765,141,7.6,3986748757,155,,3986748771,1,,3986748767,212,49.5,3986748763,140,85.4,3986748769,213,5.2,3986748759,196,,dhnssdf1iuorniavvla5zbwx6,K. Trewin,,,,,,,,,,,,,,,,,,,,,,,,,,,,,,,,,,
2499049153,279,1,1,38,47,v046no35g7ebk8lytdjmfb43,1,82.2,8.8,2023-01-21T09:25:22.918Z,2023-01-21T09:25:26Z,3986748797,140,81.0,3986748799,141,24.0,3986748801,212,10.4,3986748803,213,1.7,3986748795,56,Center,,,,,,,,,,4gn22fnshsmgxyayuj2p77v85,J. Hingert,,,,,,,,,,,,,,,,,,,,,,,,,,,,,,,,,,
2499049155,280,1,1,38,51,v046no35g7ebk8lytdjmfb43,1,80,14.6,2023-01-21T09:25:26.614Z,2023-01-21T09:25:29Z,3986748821,212,10.4,3986748817,140,70.3,3986748819,141,17.9,3986748815,56,Right,3986748823,213,2.9,,,,,,,,,,4s2umn33b5fo5zcpkwjcbry7d,J. Knowles,,,,,,,,,,,,,,,,,,,,,,,,,,,,,,,,,,
2499049157,281,1,1,38,54,v046no35g7ebk8lytdjmfb43,1,72.9,14.9,2023-01-21T09:25:29.766Z,2023-01-21T09:25:32Z,3986748849,213,0.9,3986748847,212,4.2,3986748843,140,75.4,3986748841,56,Right,3986748845,141,19.7,,,,,,,,,,7mgwfxva7w88k90jhjd1wx3o5,S. Neville,,,,,,,,,,,,,,,,,,,,,,,,,,,,,,,,,,
2499049159,282,1,1,38,56,v046no35g7ebk8lytdjmfb43,1,75.4,19.7,2023-01-21T09:25:31.942Z,2023-01-21T09:25:33Z,3986748863,56,Right,3986748871,213,3.6,3986748867,141,15.2,3986748865,140,69.4,3986748869,212,7.0,,,,,,,,,,4gn22fnshsmgxyayuj2p77v85,J. Hingert,,,,,,,,,,,,,,,,,,,,,,,,,,,,,,,,,,
2499049161,283,1,1,38,57,v046no35g7ebk8lytdjmfb43,1,69.4,15.2,2023-01-21T09:25:32.982Z,2023-01-21T09:25:35Z,3986748895,212,13.5,3986748891,140,81.8,3986748893,141,20.6,3986748889,56,Right,3986748897,213,0.3,,,,,,,,,,7mgwfxva7w88k90jhjd1wx3o5,S. Neville,,,,,,,,,,,,,,,,,,,,,,,,,,,,,,,,,,
2499049163,284,3,1,39,0,v046no35g7ebk8lytdjmfb43,0,86.9,25.6,2023-01-21T09:25:35.622Z,2023-01-21T15:53:05Z,3987768469,464,,3986748907,286,,3986748905,56,Center,3986748921,233,431,,,,,,,,,,,,,uyhh5u2ezau9f095symdh3sa,C. Armiento,,,,,,,,,,,,,,,,,,,,,,,,,,,,,,,,,,
2499049165,431,7,1,39,0,c33jm806py6adse5wv9wx6ch1,0,13.1,74.4,2023-01-21T09:25:35.623Z,2023-01-21T15:53:09Z,3986748913,285,,3987768695,385,,3986748917,233,284,3986748911,56,Back,,,,,,,,,,,,,dnpala3bol8svyc2awng6iv9x,C. Good,,,,,,,,,,,,,,,,,,,,,,,,,,,,,,,,,,
2499049171,432,1,1,39,2,c33jm806py6adse5wv9wx6ch1,0,8.4,67.6,2023-01-21T09:25:38.033Z,2023-01-21T09:26:17Z,3986749129,236,,3986749123,141,66.8,3986749127,213,3.6,3986749131,233,285,3986749125,212,1.3,3986748933,56,Back,3986749135,286,,3986749121,140,7.3,8wbljx8706rh6uyhf8eegl1w5,S. Jamieson,,,,,,,,,,,,,,,,,,,,,,,,,,,,,,,,,,
2499049169,285,74,1,39,2,v046no35g7ebk8lytdjmfb43,1,88.6,24.3,2023-01-21T09:25:38.034Z,2023-01-21T09:34:22Z,3986749137,233,432,3986748929,56,Center,3986748931,285,,,,,,,,,,,,,,,,,uyhh5u2ezau9f095symdh3sa,C. Armiento,,,,,,,,,,,,,,,,,,,,,,,,,,,,,,,,,,
2499049175,286,1,1,39,5,v046no35g7ebk8lytdjmfb43,1,85.3,22.8,2023-01-21T09:25:41.014Z,2023-01-21T09:25:42Z,3986748957,141,14.1,3986748953,56,Right,3986748959,212,7.4,3986748961,213,5.4,3986748955,140,89.5,,,,,,,,,,uyhh5u2ezau9f095symdh3sa,C. Armiento,,,,,,,,,,,,,,,,,,,,,,,,,,,,,,,,,,
2499049177,287,1,1,39,7,v046no35g7ebk8lytdjmfb43,1,90.7,15.6,2023-01-21T09:25:42.422Z,2023-01-21T09:25:47Z,3986748995,141,23.4,3986748991,56,Center,3986748999,213,0.6,3986748993,140,97.7,3986748997,212,9.1,,,,,,,,,,4gn22fnshsmgxyayuj2p77v85,J. Hingert,,,,,,,,,,,,,,,,,,,,,,,,,,,,,,,,,,
2499049185,288,1,1,39,11,v046no35g7ebk8lytdjmfb43,1,96.2,17.7,2023-01-21T09:25:46.982Z,2023-01-21T17:24:41Z,3986749039,140,96.5,3986749043,212,23.7,3987769913,224,,3987769915,20,,3986749271,154,,3986749041,141,52.5,3986749269,210,13,3986749045,213,1.6,7mgwfxva7w88k90jhjd1wx3o5,S. Neville,1,3986749033,2,,3986749037,56,3986749035,155,,,,,,,,,,,,,,,Center,,,,,,,,,,,
2499049187,289,44,1,39,13,v046no35g7ebk8lytdjmfb43,1,96,52,2023-01-21T09:25:48.839Z,2023-01-21T17:25:10Z,3986749073,233,433,3986749065,56,Center,3986749067,286,,,,,,,,,,,,,,,,,abfwfqsv8o9xsnkor896869cl,J. O'Shea,,,,,,,,,,,,,,,,,,,,,,,,,,,,,,,,,,
2499049179,433,44,1,39,13,c33jm806py6adse5wv9wx6ch1,0,4,48,2023-01-21T09:25:48.840Z,2023-01-21T09:25:57Z,3986749009,56,Back,3986749011,285,,3986749077,233,289,,,,,,,,,,,,,,,,cqoz8o1pse9uspkqvq3cmges5,S. Galloway,,,,,,,,,,,,,,,,,,,,,,,,,,,,,,,,,,
2499049191,291,13,1,39,14,v046no35g7ebk8lytdjmfb43,1,95,50.9,2023-01-21T09:25:49.438Z,2023-01-21T17:24:41Z,3986749285,103,77.8,3986749275,29,,3986749229,328,,3987770475,74,,3986749283,102,52.3,3986749287,230,99.8,3986749277,154,,3986749087,56,Center,abfwfqsv8o9xsnkor896869cl,J. O'Shea,,3986749083,22,,3986749225,15,3986749279,55,288,3986749289,231,49.5,3986749085,16,,,,,,,,,,,,,,,,,,,,
2499049189,290,5,1,39,15,v046no35g7ebk8lytdjmfb43,0,100.6,50.9,2023-01-21T09:25:50.182Z,2023-01-21T09:31:25Z,3986751521,233,434,3986749069,56,Center,3986749071,346,,,,,,,,,,,,,,,,,dhnssdf1iuorniavvla5zbwx6,K. Trewin,,,,,,,,,,,,,,,,,,,,,,,,,,,,,,,,,,
2499049181,434,5,1,39,15,c33jm806py6adse5wv9wx6ch1,1,-0.6,49.1,2023-01-21T09:25:50.182Z,2023-01-21T09:33:19Z,3986751517,233,290,3986749015,346,,3986749013,56,Back,,,,,,,,,,,,,,,,cqoz8o1pse9uspkqvq3cmges5,S. Galloway,,,,,,,,,,,,,,,,,,,,,,,,,,,,,,,,,,
2499049207,435,1,1,39,48,c33jm806py6adse5wv9wx6ch1,1,3.2,48.2,2023-01-21T09:26:23.144Z,2023-01-21T09:26:29Z,3986749319,212,8.6,3986749325,237,,3986749313,56,Back,3986749317,141,47.6,3986749321,213,6.2,3986749315,140,11.4,3986749311,124,,,,,77gcx1qotysu9hbi2hw2gjsvd,T. Glover,,,,,,,,,,,,,,,,,,,,,,,,,,,,,,,,,,
2499049211,436,1,1,39,53,c33jm806py6adse5wv9wx6ch1,1,43,32.1,2023-01-21T09:26:29.016Z,2023-01-21T09:26:36Z,3986749361,140,69.7,3986749365,212,34.5,3986749367,213,5.7,3986749363,141,2.6,3986749369,1,,3986749359,56,Right,,,,,,,dnpala3bol8svyc2awng6iv9x,C. Good,,,,,,,,,,,,,,,,,,,,,,,,,,,,,,,,,,
2499049213,437,1,1,40,0,c33jm806py6adse5wv9wx6ch1,0,87,17.9,2023-01-21T09:26:35.977Z,2023-01-21T15:54:21Z,3987772203,20,,3986749385,141,42.8,3986749381,56,Center,3986749383,140,100.0,3986749387,212,22.8,3986749377,2,,3987772201,224,,3986749379,155,,c00r3yls3lf245nbo93m9d6cq,M. Tilio,,3986749389,213,0.8,,,,,,,,,,,,,,,,,,,,,,,,,,,,,,
2499049217,292,5,1,40,2,v046no35g7ebk8lytdjmfb43,1,-1.2,57.7,2023-01-21T09:26:37.378Z,2023-01-21T09:33:19Z,3986749407,233,438,3986749403,56,Back,3986749405,346,,,,,,,,,,,,,,,,,ez47kkcz2wgypddldq97yz2dx,C. Chapman,,,,,,,,,,,,,,,,,,,,,,,,,,,,,,,,,,
2499049215,438,5,1,40,2,c33jm806py6adse5wv9wx6ch1,0,101.2,42.3,2023-01-21T09:26:37.378Z,2023-01-21T09:26:39Z,3986749393,346,,3986749411,233,292,3986749391,56,Center,,,,,,,,,,,,,,,,c00r3yls3lf245nbo93m9d6cq,M. Tilio,,,,,,,,,,,,,,,,,,,,,,,,,,,,,,,,,,
2499049221,293,1,1,40,24,v046no35g7ebk8lytdjmfb43,1,4.4,50.6,2023-01-21T09:26:59.893Z,2023-01-21T09:27:03Z,3986749529,124,,3986749539,212,12.9,3986749537,141,31.6,3986749535,140,4.4,3986749531,56,Back,3986749541,213,4.7,3986749545,237,,,,,cb0y1hi0ozn1rx00vx6a1xr6x,J. Holmes,,,,,,,,,,,,,,,,,,,,,,,,,,,,,,,,,,
2499049225,294,1,1,40,28,v046no35g7ebk8lytdjmfb43,0,7.1,27.6,2023-01-21T09:27:03.173Z,2023-01-21T09:27:08Z,3986749559,212,53.6,3986749553,56,Center,3986749563,1,,3986749557,141,33.4,3986749555,140,58.0,3986749561,213,0.1,3986749551,155,,,,,3zl5ec82f8zebkxkfdz16e3th,T. Aldred,,,,,,,,,,,,,,,,,,,,,,,,,,,,,,,,,,
2499049227,439,44,1,40,31,c33jm806py6adse5wv9wx6ch1,1,43,67,2023-01-21T09:27:06.932Z,2023-01-21T09:27:07Z,3986749569,285,,3986749579,233,295,3986749567,56,Back,,,,,,,,,,,,,,,,bcytv86dp6kqrsosu6gck9q7d,A. O'Neill,,,,,,,,,,,,,,,,,,,,,,,,,,,,,,,,,,
2499049229,295,44,1,40,31,v046no35g7ebk8lytdjmfb43,0,57,33,2023-01-21T09:27:06.933Z,2023-01-21T09:27:08Z,3986749577,286,,3986749603,233,439,3986749575,56,Center,,,,,,,,,,,,,,,,4s2umn33b5fo5zcpkwjcbry7d,J. Knowles,,,,,,,,,,,,,,,,,,,,,,,,,,,,,,,,,,
2499049231,440,1,1,40,32,c33jm806py6adse5wv9wx6ch1,1,44,67.6,2023-01-21T09:27:07.272Z,2023-01-21T09:33:20Z,3986749583,3,,3986749591,212,29.5,3986749587,140,71.7,3986749585,56,Center,3986749593,213,0.2,3986749589,141,74.8,,,,,,,bcytv86dp6kqrsosu6gck9q7d,A. O'Neill,,,,,,,,,,,,,,,,,,,,,,,,,,,,,,,,,,
2499049237,441,44,1,40,33,c33jm806py6adse5wv9wx6ch1,1,65.4,77,2023-01-21T09:27:08.484Z,2023-01-21T09:27:09Z,3986749613,286,,3986749619,233,296,3986749611,56,Center,,,,,,,,,,,,,,,,7cdvlgpi8g3e8ttspzvr1k251,M. Leckie,,,,,,,,,,,,,,,,,,,,,,,,,,,,,,,,,,
2499049235,296,44,1,40,33,v046no35g7ebk8lytdjmfb43,0,34.6,23,2023-01-21T09:27:08.485Z,2023-01-21T09:27:09Z,3986749607,56,Back,3986749625,233,441,3986749609,285,,,,,,,,,,,,,,,,,7mgwfxva7w88k90jhjd1wx3o5,S. Neville,,,,,,,,,,,,,,,,,,,,,,,,,,,,,,,,,,
2499049243,442,1,1,40,33,c33jm806py6adse5wv9wx6ch1,0,68.2,79.9,2023-01-21T09:27:08.908Z,2023-01-21T09:27:11Z,3986749641,168,,3986749651,213,5.9,3986749645,140,80.7,3986749649,212,14.3,3986749647,141,71.5,3986749639,3,,3986749643,56,Center,,,,7cdvlgpi8g3e8ttspzvr1k251,M. Leckie,,,,,,,,,,,,,,,,,,,,,,,,,,,,,,,,,,
2499049239,297,44,1,40,34,v046no35g7ebk8lytdjmfb43,1,25.2,29.2,2023-01-21T09:27:09.813Z,2023-01-21T09:27:11Z,3986749631,56,Back,3986749633,285,,3986749659,233,443,,,,,,,,,,,,,,,,3zl5ec82f8zebkxkfdz16e3th,T. Aldred,,,,,,,,,,,,,,,,,,,,,,,,,,,,,,,,,,
2499049245,443,44,1,40,34,c33jm806py6adse5wv9wx6ch1,0,74.8,70.8,2023-01-21T09:27:09.814Z,2023-01-21T09:27:11Z,3986749657,286,,3986749663,233,297,3986749655,56,Center,,,,,,,,,,,,,,,,31v9w4cyk1fxlig452kuc65ed,J. Maclaren,,,,,,,,,,,,,,,,,,,,,,,,,,,,,,,,,,
2499049247,298,1,1,40,35,v046no35g7ebk8lytdjmfb43,1,31.1,29.8,2023-01-21T09:27:10.085Z,2023-01-21T09:27:12Z,3986749675,141,40.3,3986749671,56,Back,3986749669,3,,3986749679,213,0.8,3986749673,140,38.2,3986749677,212,10.3,,,,,,,3zl5ec82f8zebkxkfdz16e3th,T. Aldred,,,,,,,,,,,,,,,,,,,,,,,,,,,,,,,,,,
2499049249,299,1,1,40,37,v046no35g7ebk8lytdjmfb43,1,38.3,38.2,2023-01-21T09:27:12.677Z,2023-01-21T09:27:13Z,3986749691,141,34.5,3986749695,213,3.6,3986749687,56,Back,3986749689,140,33.0,3986749693,212,6.1,,,,,,,,,,6jri9zzc1ccwcof95srv8h4pg,L. Zabala,,,,,,,,,,,,,,,,,,,,,,,,,,,,,,,,,,
2499049251,300,49,1,40,38,v046no35g7ebk8lytdjmfb43,1,33,34.2,2023-01-21T09:27:13.638Z,2023-01-21T09:27:14Z,,,,,,,,,,,,,,,,,,,,,,,,,dhnssdf1iuorniavvla5zbwx6,K. Trewin,,,,,,,,,,,,,,,,,,,,,,,,,,,,,,,,,,
2499049255,301,1,1,40,39,v046no35g7ebk8lytdjmfb43,1,33.6,33,2023-01-21T09:27:14.133Z,2023-01-21T09:27:17Z,3986749713,140,45.7,3986749717,212,20.7,3986749715,141,8.9,3986749711,56,Back,3986749719,213,5.4,,,,,,,,,,dhnssdf1iuorniavvla5zbwx6,K. Trewin,,,,,,,,,,,,,,,,,,,,,,,,,,,,,,,,,,
2499049261,302,1,1,40,42,v046no35g7ebk8lytdjmfb43,1,56.3,28.9,2023-01-21T09:27:17.701Z,2023-01-21T09:27:22Z,3986749755,213,1.4,3986749751,141,81.1,3986749749,140,61.8,3986749753,212,36.0,3986749757,1,,3986749747,56,Left,,,,,,,4gn22fnshsmgxyayuj2p77v85,J. Hingert,,,,,,,,,,,,,,,,,,,,,,,,,,,,,,,,,,
2499049265,303,1,1,40,47,v046no35g7ebk8lytdjmfb43,1,60.8,73.8,2023-01-21T09:27:22.533Z,2023-01-21T09:27:26Z,3986749771,56,Center,3986749775,141,65.4,3986749777,212,7.3,3986749773,140,56.5,3986749779,213,4.0,,,,,,,,,,bhl2kwvi52osrdsdnbtw45lyi,J. Courtney-Perkins,,,,,,,,,,,,,,,,,,,,,,,,,,,,,,,,,,
2499049269,304,1,1,40,51,v046no35g7ebk8lytdjmfb43,1,56.1,60.5,2023-01-21T09:27:26.103Z,2023-01-21T09:27:30Z,3986749801,212,40.0,3986749799,141,8.0,3986749805,1,,3986749793,155,,3986749797,140,73.2,3986749795,56,Right,3986749803,213,5.2,,,,dhnssdf1iuorniavvla5zbwx6,K. Trewin,,,,,,,,,,,,,,,,,,,,,,,,,,,,,,,,,,
2499049277,305,1,1,40,54,v046no35g7ebk8lytdjmfb43,1,73.5,8,2023-01-21T09:27:29.909Z,2023-01-21T09:27:32Z,3986749829,212,10.2,3986749823,56,Right,3986749827,141,13.4,3986749831,213,2.8,3986749825,140,64.4,,,,,,,,,,4s2umn33b5fo5zcpkwjcbry7d,J. Knowles,,,,,,,,,,,,,,,,,,,,,,,,,,,,,,,,,,
2499049281,306,1,1,40,57,v046no35g7ebk8lytdjmfb43,1,69.9,21.9,2023-01-21T09:27:32.597Z,2023-01-21T09:27:36Z,3986749845,140,91.2,3986749851,213,5.9,3986749843,56,Right,3986749847,141,8.9,3986749849,212,24.0,,,,,,,,,,7mgwfxva7w88k90jhjd1wx3o5,S. Neville,,,,,,,,,,,,,,,,,,,,,,,,,,,,,,,,,,
2499049289,307,1,1,41,1,v046no35g7ebk8lytdjmfb43,0,92.2,9.4,2023-01-21T09:27:36.261Z,2023-01-21T15:54:56Z,3986749875,2,,3986749885,212,30.8,3986749881,140,100.0,3987774317,20,,3987774315,224,,3986749879,56,Center,3986749883,141,52.5,3986749877,155,,4s2umn33b5fo5zcpkwjcbry7d,J. Knowles,,3986749887,213,1.3,,,,,,,,,,,,,,,,,,,,,,,,,,,,,,
2499049291,308,5,1,41,2,v046no35g7ebk8lytdjmfb43,0,100.8,51.8,2023-01-21T09:27:37.368Z,2023-01-21T09:33:19Z,3986749889,56,Center,3986749891,346,,3986749899,233,444,,,,,,,,,,,,,,,,4s2umn33b5fo5zcpkwjcbry7d,J. Knowles,,,,,,,,,,,,,,,,,,,,,,,,,,,,,,,,,,
2499049285,444,5,1,41,2,c33jm806py6adse5wv9wx6ch1,1,-0.8,48.2,2023-01-21T09:27:37.368Z,2023-01-21T09:27:39Z,3986749895,233,308,3986749859,56,Back,3986749861,346,,,,,,,,,,,,,,,,,8wbljx8706rh6uyhf8eegl1w5,S. Jamieson,,,,,,,,,,,,,,,,,,,,,,,,,,,,,,,,,,
2499049297,445,1,1,41,10,c33jm806py6adse5wv9wx6ch1,1,2.7,49.9,2023-01-21T09:27:45.592Z,2023-01-21T15:55:07Z,3986749937,141,25.0,3986749933,56,Back,3987775079,189,,3986749939,212,19.7,3986749945,237,,3986749941,213,5.2,3986749931,124,,3986749935,140,12.2,77gcx1qotysu9hbi2hw2gjsvd,T. Glover,,,,,,,,,,,,,,,,,,,,,,,,,,,,,,,,,,
2499049299,446,1,1,41,13,c33jm806py6adse5wv9wx6ch1,1,13.8,25.2,2023-01-21T09:27:48.824Z,2023-01-21T09:27:54Z,3986749961,212,19.4,3986749959,141,50.7,3986749955,56,Back,3986749957,140,5.5,3986749963,213,2.0,,,,,,,,,,bdo2grdx1mgm63gii3zar50id,T. Lam,,,,,,,,,,,,,,,,,,,,,,,,,,,,,,,,,,
2499049301,447,1,1,41,19,c33jm806py6adse5wv9wx6ch1,1,12.1,50.1,2023-01-21T09:27:54.696Z,2023-01-21T09:27:57Z,3986749977,140,18.3,3986749983,213,6.2,3986749981,212,6.5,3986749979,141,49.6,3986749975,56,Back,,,,,,,,,,77gcx1qotysu9hbi2hw2gjsvd,T. Glover,,,,,,,,,,,,,,,,,,,,,,,,,,,,,,,,,,
2499049303,448,1,1,41,21,c33jm806py6adse5wv9wx6ch1,1,22.6,49.3,2023-01-21T09:27:56.903Z,2023-01-21T09:28:00Z,3986749999,141,24.7,3986749995,56,Back,3986750001,212,26.7,3986750003,213,5.6,3986749997,140,42.4,,,,,,,,,,dnpala3bol8svyc2awng6iv9x,C. Good,,,,,,,,,,,,,,,,,,,,,,,,,,,,,,,,,,
2499049305,449,1,1,41,25,c33jm806py6adse5wv9wx6ch1,1,39.3,24.3,2023-01-21T09:28:00.424Z,2023-01-21T09:28:01Z,3986750009,140,41.3,3986750013,212,13.6,3986750011,141,4.6,3986750007,56,Back,3986750015,213,4.9,,,,,,,,,,bcytv86dp6kqrsosu6gck9q7d,A. O'Neill,,,,,,,,,,,,,,,,,,,,,,,,,,,,,,,,,,
2499049311,450,1,1,41,26,c33jm806py6adse5wv9wx6ch1,1,41.3,4.6,2023-01-21T09:28:01.832Z,2023-01-21T09:28:07Z,3986750051,212,25.2,3986750045,56,Back,3986750049,141,24.1,3986750047,140,20.9,3986750053,213,2.6,,,,,,,,,,cqoz8o1pse9uspkqvq3cmges5,S. Galloway,,,,,,,,,,,,,,,,,,,,,,,,,,,,,,,,,,
2499049317,451,1,1,41,32,c33jm806py6adse5wv9wx6ch1,1,25.9,21.2,2023-01-21T09:28:07.672Z,2023-01-21T09:28:16Z,3986750095,56,Back,3986750099,141,41.3,3986750103,213,2.5,3986750101,212,22.4,3986750097,140,9.0,,,,,,,,,,bdo2grdx1mgm63gii3zar50id,T. Lam,,,,,,,,,,,,,,,,,,,,,,,,,,,,,,,,,,
2499049319,452,1,1,41,40,c33jm806py6adse5wv9wx6ch1,0,18.9,39.5,2023-01-21T09:28:16.009Z,2023-01-21T09:28:20Z,3986750129,212,52.2,3986750123,56,Center,3986750127,141,41.5,3986750133,1,,3986750131,213,0.0,3986750125,140,68.6,3986750121,157,,,,,77gcx1qotysu9hbi2hw2gjsvd,T. Glover,,,,,,,,,,,,,,,,,,,,,,,,,,,,,,,,,,
2499049323,309,1,1,41,45,v046no35g7ebk8lytdjmfb43,1,28.2,56.3,2023-01-21T09:28:20.077Z,2023-01-21T15:55:36Z,3986750175,213,6.1,3986750167,56,Back,3986750171,141,52.4,3986750173,212,16.1,3986750165,3,,3986750169,140,43.3,,,,,,,6jri9zzc1ccwcof95srv8h4pg,L. Zabala,,,,,,,,,,,,,,,,,,,,,,,,,,,,,,,,,,
2499049325,310,1,1,41,46,v046no35g7ebk8lytdjmfb43,1,43.7,50.7,2023-01-21T09:28:21.213Z,2023-01-21T15:55:39Z,3986750191,140,46.3,3986750187,3,,3986750195,212,8.0,3986750197,213,1.2,3986750193,141,61.7,3986750189,56,Back,,,,,,,dhnssdf1iuorniavvla5zbwx6,K. Trewin,,,,,,,,,,,,,,,,,,,,,,,,,,,,,,,,,,
2499049327,311,49,1,41,48,v046no35g7ebk8lytdjmfb43,1,46,62.9,2023-01-21T09:28:23.542Z,2023-01-21T15:55:44Z,,,,,,,,,,,,,,,,,,,,,,,,,abfwfqsv8o9xsnkor896869cl,J. O'Shea,,,,,,,,,,,,,,,,,,,,,,,,,,,,,,,,,,
2499049329,312,1,1,41,48,v046no35g7ebk8lytdjmfb43,1,46,62.9,2023-01-21T09:28:23.685Z,2023-01-21T15:55:46Z,3986750205,141,60.5,3986750201,56,Back,3986750209,213,3.4,3986750203,140,39.7,3986750207,212,6.8,,,,,,,,,,abfwfqsv8o9xsnkor896869cl,J. O'Shea,,,,,,,,,,,,,,,,,,,,,,,,,,,,,,,,,,
2499049335,313,1,1,41,49,v046no35g7ebk8lytdjmfb43,1,39.5,60.3,2023-01-21T09:28:24.325Z,2023-01-21T15:55:49Z,3986750245,213,2.0,3986750237,56,Back,3986750241,141,84.4,3986750243,212,18.3,3986750239,140,31.8,,,,,,,,,,dhnssdf1iuorniavvla5zbwx6,K. Trewin,,,,,,,,,,,,,,,,,,,,,,,,,,,,,,,,,,
2499049337,314,1,1,41,51,v046no35g7ebk8lytdjmfb43,1,31.9,84.8,2023-01-21T09:28:26.405Z,2023-01-21T15:55:53Z,3986750251,140,40.6,3986750255,212,12.0,3986750249,56,Back,3986750257,213,0.7,3986750253,141,96.3,,,,,,,,,,ez47kkcz2wgypddldq97yz2dx,C. Chapman,,,,,,,,,,,,,,,,,,,,,,,,,,,,,,,,,,
2499049339,315,1,1,41,53,v046no35g7ebk8lytdjmfb43,1,40.6,96.3,2023-01-21T09:28:28.237Z,2023-01-21T15:55:56Z,3986750271,212,21.6,3986750267,140,61.2,3986750273,213,6.3,3986750265,56,Left,3986750269,141,95.7,,,,,,,,,,bhl2kwvi52osrdsdnbtw45lyi,J. Courtney-Perkins,,,,,,,,,,,,,,,,,,,,,,,,,,,,,,,,,,
2499049341,316,50,1,41,54,v046no35g7ebk8lytdjmfb43,1,56.6,95.1,2023-01-21T09:28:29.822Z,2023-01-21T09:29:39Z,3986750281,56,Left,3986750289,233,453,3986750283,286,,,,,,,,,,,,,,,,,uyhh5u2ezau9f095symdh3sa,C. Armiento,,,,,,,,,,,,,,,,,,,,,,,,,,,,,,,,,,
2499049331,453,7,1,41,54,c33jm806py6adse5wv9wx6ch1,1,43.4,4.9,2023-01-21T09:28:29.823Z,2023-01-21T15:56:01Z,3987778313,385,,3986750225,56,Back,3986750227,285,,3986750223,167,,3986750285,233,316,,,,,,,,,,bdo2grdx1mgm63gii3zar50id,T. Lam,,,,,,,,,,,,,,,,,,,,,,,,,,,,,,,,,,
2499049345,317,5,1,41,55,v046no35g7ebk8lytdjmfb43,1,55.2,102,2023-01-21T09:28:30.577Z,2023-01-21T09:33:19Z,3986750311,347,,3986750309,56,Left,3986750313,233,454,,,,,,,,,,,,,,,,uyhh5u2ezau9f095symdh3sa,C. Armiento,,,,,,,,,,,,,,,,,,,,,,,,,,,,,,,,,,
2499049333,454,5,1,41,55,c33jm806py6adse5wv9wx6ch1,0,44.8,-2,2023-01-21T09:28:30.577Z,2023-01-21T09:29:40Z,3986750231,347,,3986750229,56,Back,3986750317,233,317,,,,,,,,,,,,,,,,77gcx1qotysu9hbi2hw2gjsvd,T. Glover,,,,,,,,,,,,,,,,,,,,,,,,,,,,,,,,,,
2499049349,318,1,1,42,1,v046no35g7ebk8lytdjmfb43,1,53,100,2023-01-21T09:28:36.837Z,2023-01-21T15:56:08Z,3986750347,212,22.4,3986750339,107,,3986750343,140,31.8,3986750349,213,3.3,3987778803,1,,3986750341,56,Back,3986750345,141,97.5,,,,bhl2kwvi52osrdsdnbtw45lyi,J. Courtney-Perkins,,,,,,,,,,,,,,,,,,,,,,,,,,,,,,,,,,
2499049355,319,1,1,42,9,v046no35g7ebk8lytdjmfb43,1,39.7,80.4,2023-01-21T09:28:44.677Z,2023-01-21T15:56:27Z,3986750391,212,13.3,3986750387,140,52.4,3986750385,56,Left,3986750389,141,80.0,3986750393,213,6.3,,,,,,,,,,ez47kkcz2wgypddldq97yz2dx,C. Chapman,,,,,,,,,,,,,,,,,,,,,,,,,,,,,,,,,,
2499049359,320,1,1,42,14,v046no35g7ebk8lytdjmfb43,0,43.1,72.9,2023-01-21T09:28:49.973Z,2023-01-21T09:31:16Z,3986750415,213,0.1,3986750407,56,Center,3986750411,141,77.0,3986750413,212,44.4,3986750405,155,,3986750409,140,85.3,3986750417,1,,,,,abfwfqsv8o9xsnkor896869cl,J. O'Shea,,,,,,,,,,,,,,,,,,,,,,,,,,,,,,,,,,
2499049361,455,49,1,42,18,c33jm806py6adse5wv9wx6ch1,1,13.4,24.7,2023-01-21T09:28:53.079Z,2023-01-21T09:28:53Z,,,,,,,,,,,,,,,,,,,,,,,,,cqoz8o1pse9uspkqvq3cmges5,S. Galloway,,,,,,,,,,,,,,,,,,,,,,,,,,,,,,,,,,
2499049363,456,1,1,42,20,c33jm806py6adse5wv9wx6ch1,0,8.1,7.6,2023-01-21T09:28:55.337Z,2023-01-21T09:29:00Z,3986750461,141,1.9,3986750459,140,43.3,3986750465,213,6.2,3986750455,157,,3986750467,1,,3986750457,56,Back,3986750463,212,37.2,,,,cqoz8o1pse9uspkqvq3cmges5,S. Galloway,,,,,,,,,,,,,,,,,,,,,,,,,,,,,,,,,,
2499049365,321,1,1,42,24,v046no35g7ebk8lytdjmfb43,1,56.5,97.4,2023-01-21T09:28:59.829Z,2023-01-21T09:29:03Z,3986750489,141,93.8,3986750493,213,6.0,3986750485,56,Left,3986750487,140,65.2,3986750491,212,9.5,3986750483,3,,,,,,,,ez47kkcz2wgypddldq97yz2dx,C. Chapman,,,,,,,,,,,,,,,,,,,,,,,,,,,,,,,,,,
2499049367,322,49,1,42,28,v046no35g7ebk8lytdjmfb43,1,65.8,91.1,2023-01-21T09:29:03.637Z,2023-01-21T09:35:51Z,,,,,,,,,,,,,,,,,,,,,,,,,dhnssdf1iuorniavvla5zbwx6,K. Trewin,,,,,,,,,,,,,,,,,,,,,,,,,,,,,,,,,,
2499049369,323,1,1,42,28,v046no35g7ebk8lytdjmfb43,1,66.2,90.2,2023-01-21T09:29:03.941Z,2023-01-21T09:35:53Z,3986750501,56,Center,3986750505,141,75.6,3986750507,212,11.2,3986750503,140,61.3,3986750509,213,4.2,,,,,,,,,,dhnssdf1iuorniavvla5zbwx6,K. Trewin,,,,,,,,,,,,,,,,,,,,,,,,,,,,,,,,,,
2499049371,324,1,1,42,29,v046no35g7ebk8lytdjmfb43,1,61.3,75.6,2023-01-21T09:29:04.789Z,2023-01-21T09:36:30Z,3986750523,140,70.3,3986750527,212,11.9,3986750529,213,0.7,3986750525,141,86.2,3986750521,56,Left,,,,,,,,,,abfwfqsv8o9xsnkor896869cl,J. O'Shea,,,,,,,,,,,,,,,,,,,,,,,,,,,,,,,,,,
2499049373,325,1,1,42,32,v046no35g7ebk8lytdjmfb43,1,74.7,86.3,2023-01-21T09:29:07.861Z,2023-01-21T15:57:10Z,3986750535,141,76.6,3986751135,210,15,3986750531,56,Center,3986750539,213,5.9,3986750533,140,90.3,3986750537,212,17.7,3986751137,154,,,,,dhnssdf1iuorniavvla5zbwx6,K. Trewin,1,,,,,,,,,,,,,,,,,,,,,,,,,,,,,,,,,
2499049375,326,15,1,42,34,v046no35g7ebk8lytdjmfb43,1,89.9,74.6,2023-01-21T09:29:09.637Z,2023-01-21T15:57:11Z,3986751157,147,72.4,3986751153,328,,3986750549,56,Center,3986751155,146,90.8,3986750547,64,,3986751139,78,,3986751159,230,99.0,3986751021,82,,uyhh5u2ezau9f095symdh3sa,C. Armiento,,3986751141,29,,3986750545,22,3986751149,102,50.8,3986751151,103,19,3986751143,154,3986751017,72,,3986751189,233,3986751161,231,56.0,,,457,3986751145,55,325,,,,,,
2499049377,457,10,1,42,34,c33jm806py6adse5wv9wx6ch1,1,10.3,26.1,2023-01-21T09:29:09.737Z,2023-01-21T09:30:24Z,3986751029,233,326,3986750557,94,,3986750559,56,Back,,,,,,,,,,,,,,,,bdo2grdx1mgm63gii3zar50id,T. Lam,,,,,,,,,,,,,,,,,,,,,,,,,,,,,,,,,,
2499049379,327,6,1,42,35,v046no35g7ebk8lytdjmfb43,1,96,72.8,2023-01-21T09:29:10.357Z,2023-01-21T09:29:12Z,3986750561,56,Center,3986750563,73,,3986750581,233,458,,,,,,,,,,,,,,,,uyhh5u2ezau9f095symdh3sa,C. Armiento,,,,,,,,,,,,,,,,,,,,,,,,,,,,,,,,,,
2499049381,458,6,1,42,35,c33jm806py6adse5wv9wx6ch1,0,4,27.2,2023-01-21T09:29:10.357Z,2023-01-21T15:57:16Z,3986750585,233,327,3986750573,73,,3986750569,56,Back,,,,,,,,,,,,,,,,bdo2grdx1mgm63gii3zar50id,T. Lam,,,,,,,,,,,,,,,,,,,,,,,,,,,,,,,,,,
2499049413,328,1,1,43,8,v046no35g7ebk8lytdjmfb43,1,99.6,99.5,2023-01-21T09:29:43.062Z,2023-01-21T15:58:48Z,3986750765,212,41.7,3986750761,140,93.8,3986750759,56,Center,3986750763,141,38.9,3986750767,213,4.6,3987785013,20,,3986750755,155,,3986750751,2,,abfwfqsv8o9xsnkor896869cl,J. O'Shea,1,3986750847,154,,3986750769,1,3986750753,6,,3986750845,210,13,3986750757,223,,,,,,,,,,,,,,,,,,,,
2499049417,330,13,1,43,10,v046no35g7ebk8lytdjmfb43,1,93.2,41.2,2023-01-21T09:29:45.565Z,2023-01-21T15:58:48Z,3986750819,15,,3986750851,29,,3987787875,25,,3986750855,55,328,3986750853,154,,3986750849,74,,3986750861,103,86.1,3986750781,17,,7mgwfxva7w88k90jhjd1wx3o5,S. Neville,,3986750865,231,47.7,3986750783,56,3986750863,230,98.9,3986750859,102,45.7,3986750823,328,,,,,,,,,Center,,,,,,,,,,,
2499049415,329,5,1,43,10,v046no35g7ebk8lytdjmfb43,0,101.2,45.4,2023-01-21T09:29:45.704Z,2023-01-21T09:33:20Z,3986750775,346,,3986750799,233,459,3986750773,56,Center,,,,,,,,,,,,,,,,7mgwfxva7w88k90jhjd1wx3o5,S. Neville,,,,,,,,,,,,,,,,,,,,,,,,,,,,,,,,,,
2499049411,459,5,1,43,10,c33jm806py6adse5wv9wx6ch1,1,-1.2,54.6,2023-01-21T09:29:45.704Z,2023-01-21T09:29:48Z,3986750795,233,329,3986750741,56,Back,3986750743,346,,,,,,,,,,,,,,,,,bdo2grdx1mgm63gii3zar50id,T. Lam,,,,,,,,,,,,,,,,,,,,,,,,,,,,,,,,,,
2499049445,460,1,1,43,45,c33jm806py6adse5wv9wx6ch1,0,3,50.1,2023-01-21T09:30:20.505Z,2023-01-21T09:30:25Z,3986751047,74,,3986751039,141,75.0,3986751043,213,0.2,3986751033,124,,3986751037,140,78.8,3986751035,56,Center,3986751041,212,81.4,3986751045,1,,77gcx1qotysu9hbi2hw2gjsvd,T. Glover,,,,,,,,,,,,,,,,,,,,,,,,,,,,,,,,,,
2499049447,331,49,1,43,50,v046no35g7ebk8lytdjmfb43,1,28.7,25.6,2023-01-21T09:30:25.524Z,2023-01-21T09:30:25Z,,,,,,,,,,,,,,,,,,,,,,,,,7mgwfxva7w88k90jhjd1wx3o5,S. Neville,,,,,,,,,,,,,,,,,,,,,,,,,,,,,,,,,,
2499049453,332,1,1,43,50,v046no35g7ebk8lytdjmfb43,1,28.4,25.5,2023-01-21T09:30:25.908Z,2023-01-21T09:30:29Z,3986751077,56,Back,3986751083,212,22.0,3986751079,140,12.5,3986751081,141,46.6,3986751085,213,2.4,,,,,,,,,,7mgwfxva7w88k90jhjd1wx3o5,S. Neville,,,,,,,,,,,,,,,,,,,,,,,,,,,,,,,,,,
2499049457,333,1,1,43,54,v046no35g7ebk8lytdjmfb43,1,13.3,45.8,2023-01-21T09:30:29.588Z,2023-01-21T09:30:35Z,3986751119,141,66.3,3986751115,56,Back,3986751123,213,0.9,3986751121,212,18.4,3986751117,140,24.8,,,,,,,,,,cb0y1hi0ozn1rx00vx6a1xr6x,J. Holmes,,,,,,,,,,,,,,,,,,,,,,,,,,,,,,,,,,
2499049461,334,1,1,43,59,v046no35g7ebk8lytdjmfb43,1,29.7,66,2023-01-21T09:30:34.902Z,2023-01-21T09:32:19Z,3986751179,212,57.5,3986751177,141,5.5,3986751173,56,Right,3986751181,213,5.5,3986751929,1,,3986751171,155,,3986751175,140,67.9,3986751927,196,,ez47kkcz2wgypddldq97yz2dx,C. Chapman,,,,,,,,,,,,,,,,,,,,,,,,,,,,,,,,,,
2499049465,335,1,1,44,4,v046no35g7ebk8lytdjmfb43,0,70.7,6,2023-01-21T09:30:39.604Z,2023-01-21T09:30:47Z,3986751199,3,,3986751207,212,26.4,3986751203,140,95.4,3986751209,213,6.1,3986751201,56,Right,3986751205,141,0.0,,,,,,,4gn22fnshsmgxyayuj2p77v85,J. Hingert,,,,,,,,,,,,,,,,,,,,,,,,,,,,,,,,,,
2499049471,461,56,1,44,8,c33jm806py6adse5wv9wx6ch1,1,0,0,2023-01-21T09:30:43.719Z,2023-01-21T09:30:43Z,3986751229,56,Back,,,,,,,,,,,,,,,,,,,,,,8wbljx8706rh6uyhf8eegl1w5,S. Jamieson,,,,,,,,,,,,,,,,,,,,,,,,,,,,,,,,,,
2499049473,336,5,1,44,9,v046no35g7ebk8lytdjmfb43,0,94.4,-1.7,2023-01-21T09:30:44.581Z,2023-01-21T09:30:47Z,3986751235,347,,3986751253,233,462,3986751233,56,Right,,,,,,,,,,,,,,,,4gn22fnshsmgxyayuj2p77v85,J. Hingert,,,,,,,,,,,,,,,,,,,,,,,,,,,,,,,,,,
2499049477,462,5,1,44,9,c33jm806py6adse5wv9wx6ch1,1,5.6,101.7,2023-01-21T09:30:44.581Z,2023-01-21T09:33:20Z,3986751249,233,336,3986751245,56,Back,3986751247,347,,,,,,,,,,,,,,,,,8wbljx8706rh6uyhf8eegl1w5,S. Jamieson,,,,,,,,,,,,,,,,,,,,,,,,,,,,,,,,,,
2499049479,463,1,1,44,11,c33jm806py6adse5wv9wx6ch1,1,4.7,100,2023-01-21T09:30:46.455Z,2023-01-21T09:30:49Z,3986751275,212,16.7,3986751267,107,,3986751271,140,12.8,3986751273,141,80.6,3986751269,56,Back,3986751277,213,5.2,,,,,,,8wbljx8706rh6uyhf8eegl1w5,S. Jamieson,,,,,,,,,,,,,,,,,,,,,,,,,,,,,,,,,,
2499049483,464,1,1,44,14,c33jm806py6adse5wv9wx6ch1,1,12.5,77.6,2023-01-21T09:30:49.366Z,2023-01-21T09:30:52Z,3986751295,56,Back,3986751299,141,42.8,3986751301,212,31.9,3986751303,213,5.4,3986751297,140,32.9,,,,,,,,,,dnpala3bol8svyc2awng6iv9x,C. Good,,,,,,,,,,,,,,,,,,,,,,,,,,,,,,,,,,
2499049489,465,1,1,44,17,c33jm806py6adse5wv9wx6ch1,1,32.9,42.8,2023-01-21T09:30:52.183Z,2023-01-21T09:30:57Z,3986751323,141,26.4,3986751319,56,Back,3986751327,213,5.6,3986751325,212,18.7,3986751321,140,47.2,,,,,,,,,,bcytv86dp6kqrsosu6gck9q7d,A. O'Neill,,,,,,,,,,,,,,,,,,,,,,,,,,,,,,,,,,
2499049491,466,1,1,44,22,c33jm806py6adse5wv9wx6ch1,1,58.2,23.7,2023-01-21T09:30:57.207Z,2023-01-21T09:30:59Z,3986751339,212,17.2,3986751337,141,2.8,3986751333,56,Right,3986751335,140,67.5,3986751341,213,5.3,,,,,,,,,,7q8urr40blud747zzb3io8w5x,R. van der Venne,,,,,,,,,,,,,,,,,,,,,,,,,,,,,,,,,,
2499049493,467,1,1,44,24,c33jm806py6adse5wv9wx6ch1,1,67.5,2.8,2023-01-21T09:30:59.399Z,2023-01-21T09:31:01Z,3986751351,56,Right,3986751355,141,5.3,3986751359,213,2.9,3986751357,212,7.0,3986751353,140,61.0,,,,,,,,,,c00r3yls3lf245nbo93m9d6cq,M. Tilio,,,,,,,,,,,,,,,,,,,,,,,,,,,,,,,,,,
2499049497,468,1,1,44,26,c33jm806py6adse5wv9wx6ch1,1,60.4,8,2023-01-21T09:31:01.190Z,2023-01-21T09:31:05Z,3986751383,141,32.7,3986751387,213,2.3,3986751385,212,22.7,3986751381,140,45.9,3986751379,56,Back,,,,,,,,,,7q8urr40blud747zzb3io8w5x,R. van der Venne,,,,,,,,,,,,,,,,,,,,,,,,,,,,,,,,,,
2499049501,469,1,1,44,30,c33jm806py6adse5wv9wx6ch1,1,48.6,34.5,2023-01-21T09:31:05.302Z,2023-01-21T09:31:07Z,3986751415,213,1.7,3986751407,56,Back,3986751411,141,55.7,3986751413,212,14.5,3986751409,140,47.3,,,,,,,,,,bdo2grdx1mgm63gii3zar50id,T. Lam,,,,,,,,,,,,,,,,,,,,,,,,,,,,,,,,,,
2499049503,470,1,1,44,32,c33jm806py6adse5wv9wx6ch1,1,48,57.9,2023-01-21T09:31:07.654Z,2023-01-21T09:31:11Z,3986751429,212,31.7,3986751427,141,92.4,3986751423,56,Left,3986751425,140,68.3,3986751431,213,0.8,,,,,,,,,,dnpala3bol8svyc2awng6iv9x,C. Good,,,,,,,,,,,,,,,,,,,,,,,,,,,,,,,,,,
2499049507,471,1,1,44,36,c33jm806py6adse5wv9wx6ch1,1,68.4,86.8,2023-01-21T09:31:11.687Z,2023-01-21T09:31:16Z,3986751453,213,3.8,3986751447,140,49.8,3986751449,141,66.6,3986751445,56,Back,3986751451,212,23.9,,,,,,,,,,8wbljx8706rh6uyhf8eegl1w5,S. Jamieson,,,,,,,,,,,,,,,,,,,,,,,,,,,,,,,,,,
2499049509,472,1,1,44,41,c33jm806py6adse5wv9wx6ch1,1,56.1,56.9,2023-01-21T09:31:16.630Z,2023-01-21T09:31:19Z,3986751465,212,25.7,3986751461,140,63.6,3986751459,56,Right,3986751463,141,21.0,3986751467,213,5.0,,,,,,,,,,dnpala3bol8svyc2awng6iv9x,C. Good,,,,,,,,,,,,,,,,,,,,,,,,,,,,,,,,,,
2499049513,473,1,1,44,44,c33jm806py6adse5wv9wx6ch1,1,63.2,21.6,2023-01-21T09:31:19.127Z,2023-01-21T09:31:21Z,3986751485,212,13.6,3986751481,140,69.5,3986751479,56,Right,3986751483,141,4.1,3986751487,213,5.2,,,,,,,,,,7q8urr40blud747zzb3io8w5x,R. van der Venne,,,,,,,,,,,,,,,,,,,,,,,,,,,,,,,,,,
2499049515,474,1,1,44,46,c33jm806py6adse5wv9wx6ch1,1,69.8,4.9,2023-01-21T09:31:21.351Z,2023-01-21T09:31:22Z,3986751499,213,2.0,3986751497,212,6.3,3986751493,140,67.5,3986751491,56,Right,3986751495,141,13.4,,,,,,,,,,cqoz8o1pse9uspkqvq3cmges5,S. Galloway,,,,,,,,,,,,,,,,,,,,,,,,,,,,,,,,,,
2499049519,475,1,1,44,47,c33jm806py6adse5wv9wx6ch1,1,68.2,15.5,2023-01-21T09:31:22.663Z,2023-01-21T09:31:25Z,3986751527,140,70.2,3986751533,213,5.0,3986751529,141,4.0,3986751531,212,8.1,3986751525,56,Right,,,,,,,,,,7q8urr40blud747zzb3io8w5x,R. van der Venne,,,,,,,,,,,,,,,,,,,,,,,,,,,,,,,,,,
2499049521,476,1,1,44,50,c33jm806py6adse5wv9wx6ch1,1,71.2,6.5,2023-01-21T09:31:25.223Z,2023-01-21T09:31:26Z,3986751541,141,10.0,3986751537,56,Right,3986751545,213,2.7,3986751543,212,5.9,3986751539,140,66.1,,,,,,,,,,cqoz8o1pse9uspkqvq3cmges5,S. Galloway,,,,,,,,,,,,,,,,,,,,,,,,,,,,,,,,,,
2499049523,477,1,1,44,51,c33jm806py6adse5wv9wx6ch1,1,66.1,10,2023-01-21T09:31:26.119Z,2023-01-21T09:31:28Z,3986751559,212,9.3,3986751561,213,5.8,3986751555,140,74.1,3986751557,141,4.1,3986751553,56,Right,,,,,,,,,,7q8urr40blud747zzb3io8w5x,R. van der Venne,,,,,,,,,,,,,,,,,,,,,,,,,,,,,,,,,,
2499049525,478,1,1,44,53,c33jm806py6adse5wv9wx6ch1,0,75.7,5,2023-01-21T09:31:28.374Z,2023-01-21T09:31:31Z,3986751575,212,11.2,3986751571,140,85.1,3986751573,141,12.9,3986751577,213,0.5,3986751569,56,Right,,,,,,,,,,c00r3yls3lf245nbo93m9d6cq,M. Tilio,,,,,,,,,,,,,,,,,,,,,,,,,,,,,,,,,,
2499049529,337,49,1,44,55,v046no35g7ebk8lytdjmfb43,1,11.4,82.4,2023-01-21T09:31:30.996Z,2023-01-21T09:31:31Z,,,,,,,,,,,,,,,,,,,,,,,,,bhl2kwvi52osrdsdnbtw45lyi,J. Courtney-Perkins,,,,,,,,,,,,,,,,,,,,,,,,,,,,,,,,,,
2499049531,338,1,1,44,56,v046no35g7ebk8lytdjmfb43,0,11.4,82.4,2023-01-21T09:31:31.365Z,2023-01-21T09:31:34Z,3986751587,157,,3986751595,212,38.9,3986751599,1,,3986751591,140,46.3,3986751593,141,100.0,3986751589,56,Back,3986751597,213,0.3,,,,bhl2kwvi52osrdsdnbtw45lyi,J. Courtney-Perkins,,,,,,,,,,,,,,,,,,,,,,,,,,,,,,,,,,
2499049533,339,5,1,44,59,v046no35g7ebk8lytdjmfb43,0,46.6,101.7,2023-01-21T09:31:34.445Z,2023-01-21T09:31:40Z,3986751605,56,Back,3986751607,347,,3986751627,233,479,,,,,,,,,,,,,,,,bhl2kwvi52osrdsdnbtw45lyi,J. Courtney-Perkins,,,,,,,,,,,,,,,,,,,,,,,,,,,,,,,,,,
2499049535,479,5,1,44,59,c33jm806py6adse5wv9wx6ch1,1,53.4,-1.7,2023-01-21T09:31:34.445Z,2023-01-21T09:33:20Z,3986751613,56,Right,3986751615,347,,3986751623,233,339,,,,,,,,,,,,,,,,c00r3yls3lf245nbo93m9d6cq,M. Tilio,,,,,,,,,,,,,,,,,,,,,,,,,,,,,,,,,,
2499049537,480,70,1,45,0,c33jm806py6adse5wv9wx6ch1,1,0,0,2023-01-21T09:31:35.049Z,2023-01-21T15:59:24Z,3986751621,277,3,,,,,,,,,,,,,,,,,,,,,,,,,,,,,,,,,,,,,,,,,,,,,,,,,,,,,,,,,
2499049541,481,1,1,45,8,c33jm806py6adse5wv9wx6ch1,1,53.3,0,2023-01-21T09:31:43.126Z,2023-01-21T15:59:29Z,3986751661,141,17.9,3986751665,213,2.0,3987789907,189,,3986751655,107,,3986751659,140,46.8,3986751657,56,Back,3986751663,212,15.0,,,,cqoz8o1pse9uspkqvq3cmges5,S. Galloway,,,,,,,,,,,,,,,,,,,,,,,,,,,,,,,,,,
2499049543,482,1,1,45,8,c33jm806py6adse5wv9wx6ch1,1,46.8,17.9,2023-01-21T09:31:44.023Z,2023-01-21T09:31:48Z,3986751689,213,1.6,3986751687,212,22.8,3986751683,140,45.4,3986751681,56,Back,3986751685,141,51.3,,,,,,,,,,bdo2grdx1mgm63gii3zar50id,T. Lam,,,,,,,,,,,,,,,,,,,,,,,,,,,,,,,,,,
2499049545,483,1,1,45,13,c33jm806py6adse5wv9wx6ch1,1,48.2,51,2023-01-21T09:31:48.566Z,2023-01-21T09:31:52Z,3986751703,140,66.8,3986751707,212,23.7,3986751709,213,0.6,3986751705,141,70.8,3986751701,56,Center,,,,,,,,,,dnpala3bol8svyc2awng6iv9x,C. Good,,,,,,,,,,,,,,,,,,,,,,,,,,,,,,,,,,
2499049547,484,1,1,45,17,c33jm806py6adse5wv9wx6ch1,1,60.8,75.4,2023-01-21T09:31:52.070Z,2023-01-21T09:31:53Z,3986751719,212,11.9,3986751713,56,Left,3986751717,141,92.7,3986751721,213,1.4,3986751715,140,62.7,,,,,,,,,,446scvw0ckoxnvnsqcqocve1h,V. Berisha,,,,,,,,,,,,,,,,,,,,,,,,,,,,,,,,,,
2499049551,485,1,1,45,18,c33jm806py6adse5wv9wx6ch1,1,62.7,92.7,2023-01-21T09:31:53.447Z,2023-01-21T09:31:56Z,3986751739,56,Center,3986751743,141,67.6,3986751747,213,4.6,3986751745,212,17.1,3986751741,140,61.2,,,,,,,,,,7cdvlgpi8g3e8ttspzvr1k251,M. Leckie,,,,,,,,,,,,,,,,,,,,,,,,,,,,,,,,,,
2499049555,486,1,1,45,21,c33jm806py6adse5wv9wx6ch1,1,58.8,67.3,2023-01-21T09:31:56.694Z,2023-01-21T09:32:01Z,3986751767,141,13.4,3986751771,213,4.7,3986751763,56,Right,3986751769,212,36.7,3986751765,140,59.8,3986751773,1,,,,,,,,8wbljx8706rh6uyhf8eegl1w5,S. Jamieson,,,,,,,,,,,,,,,,,,,,,,,,,,,,,,,,,,
2499049557,487,1,1,45,26,c33jm806py6adse5wv9wx6ch1,1,65.3,19.4,2023-01-21T09:32:01.751Z,2023-01-21T09:32:03Z,3986751793,212,4.9,3986751789,140,63.1,3986751787,56,Center,3986751795,213,2.1,3986751791,141,25.8,,,,,,,,,,cqoz8o1pse9uspkqvq3cmges5,S. Galloway,,,,,,,,,,,,,,,,,,,,,,,,,,,,,,,,,,
2499049561,488,1,1,45,28,c33jm806py6adse5wv9wx6ch1,1,63.1,25.8,2023-01-21T09:32:03.703Z,2023-01-21T09:32:06Z,3986751815,212,16.7,3986751811,140,72.9,3986751813,141,6.4,3986751809,56,Right,3986751817,213,5.4,,,,,,,,,,7q8urr40blud747zzb3io8w5x,R. van der Venne,,,,,,,,,,,,,,,,,,,,,,,,,,,,,,,,,,
2499049563,489,1,1,45,31,c33jm806py6adse5wv9wx6ch1,1,72.9,6.4,2023-01-21T09:32:06.214Z,2023-01-21T09:32:06Z,3986751825,141,19.7,3986751821,56,Right,3986751829,213,2.1,3986751823,140,67.5,3986751827,212,10.7,,,,,,,,,,c00r3yls3lf245nbo93m9d6cq,M. Tilio,,,,,,,,,,,,,,,,,,,,,,,,,,,,,,,,,,
2499049567,490,1,1,45,31,c33jm806py6adse5wv9wx6ch1,1,67.5,19.7,2023-01-21T09:32:06.807Z,2023-01-21T09:32:11Z,3986751871,212,15.1,3986751867,140,56.4,3986751869,141,33.9,3986751865,56,Center,3986751873,213,2.4,,,,,,,,,,7q8urr40blud747zzb3io8w5x,R. van der Venne,,,,,,,,,,,,,,,,,,,,,,,,,,,,,,,,,,
2499049571,491,1,1,45,36,c33jm806py6adse5wv9wx6ch1,1,60.1,31.2,2023-01-21T09:32:11.735Z,2023-01-21T09:32:15Z,3986751893,56,Right,3986751901,213,4.9,3986751897,141,7.7,3986751899,212,16.2,3986751895,140,62.7,,,,,,,,,,bdo2grdx1mgm63gii3zar50id,T. Lam,,,,,,,,,,,,,,,,,,,,,,,,,,,,,,,,,,
2499049573,492,1,1,45,40,c33jm806py6adse5wv9wx6ch1,1,60.7,9.1,2023-01-21T09:32:15.095Z,2023-01-21T09:32:17Z,3986751913,212,28.4,3986751909,140,48.7,3986751915,213,2.0,3986751911,141,46.6,3986751907,56,Back,,,,,,,,,,7q8urr40blud747zzb3io8w5x,R. van der Venne,,,,,,,,,,,,,,,,,,,,,,,,,,,,,,,,,,
2499049577,493,1,1,45,42,c33jm806py6adse5wv9wx6ch1,1,48.7,46.6,2023-01-21T09:32:17.703Z,2023-01-21T09:32:20Z,3986751937,140,43.9,3986751939,141,20.7,3986751943,213,4.4,3986751941,212,18.3,3986751935,56,Back,,,,,,,,,,dnpala3bol8svyc2awng6iv9x,C. Good,,,,,,,,,,,,,,,,,,,,,,,,,,,,,,,,,,
2499049579,494,1,1,45,45,c33jm806py6adse5wv9wx6ch1,1,43.9,20.7,2023-01-21T09:32:20.486Z,2023-01-21T09:32:21Z,3986751955,213,5.6,3986751951,141,4.1,3986751953,212,18.2,3986751947,56,Right,3986751949,140,57.5,,,,,,,,,,bdo2grdx1mgm63gii3zar50id,T. Lam,,,,,,,,,,,,,,,,,,,,,,,,,,,,,,,,,,
2499049581,495,1,1,45,47,c33jm806py6adse5wv9wx6ch1,0,58.9,4.4,2023-01-21T09:32:22.502Z,2023-01-21T09:32:23Z,3986751965,168,,3986751973,212,7.6,3986751969,140,66.0,3986751975,213,0.2,3986751967,56,Right,3986751971,141,6.4,,,,,,,7q8urr40blud747zzb3io8w5x,R. van der Venne,,,,,,,,,,,,,,,,,,,,,,,,,,,,,,,,,,
2499049583,340,49,1,45,48,v046no35g7ebk8lytdjmfb43,1,35.9,92,2023-01-21T09:32:23.733Z,2023-01-21T09:32:23Z,,,,,,,,,,,,,,,,,,,,,,,,,bhl2kwvi52osrdsdnbtw45lyi,J. Courtney-Perkins,,,,,,,,,,,,,,,,,,,,,,,,,,,,,,,,,,
2499049585,341,1,1,45,49,v046no35g7ebk8lytdjmfb43,1,34.7,92.3,2023-01-21T09:32:24.260Z,2023-01-21T09:32:27Z,3986751991,140,34.8,3986751995,212,14.1,3986751997,213,4.7,3986751993,141,71.5,3986751989,56,Back,,,,,,,,,,bhl2kwvi52osrdsdnbtw45lyi,J. Courtney-Perkins,,,,,,,,,,,,,,,,,,,,,,,,,,,,,,,,,,
2499049589,342,1,1,45,51,v046no35g7ebk8lytdjmfb43,1,36.6,71.4,2023-01-21T09:32:26.980Z,2023-01-21T09:32:32Z,3986752031,140,35.9,3986752035,212,9.2,3986752033,141,57.9,3986752039,213,4.6,3986752029,56,Back,,,,,,,,,,6jri9zzc1ccwcof95srv8h4pg,L. Zabala,,,,,,,,,,,,,,,,,,,,,,,,,,,,,,,,,,
2499049593,343,1,1,45,57,v046no35g7ebk8lytdjmfb43,1,38.7,41,2023-01-21T09:32:32.149Z,2023-01-21T09:32:35Z,3986752069,1,,3986752059,56,Right,3986752057,155,,3986752067,213,5.7,3986752063,141,5.0,3986752061,140,77.1,3986752065,212,47.2,,,,dhnssdf1iuorniavvla5zbwx6,K. Trewin,,,,,,,,,,,,,,,,,,,,,,,,,,,,,,,,,,
2499049595,344,61,1,46,0,v046no35g7ebk8lytdjmfb43,0,83.6,9.1,2023-01-21T09:32:35.300Z,2023-01-21T09:32:35Z,3986752073,56,Right,,,,,,,,,,,,,,,,,,,,,,4gn22fnshsmgxyayuj2p77v85,J. Hingert,,,,,,,,,,,,,,,,,,,,,,,,,,,,,,,,,,
2499049597,496,49,1,46,1,c33jm806py6adse5wv9wx6ch1,1,15.5,89.7,2023-01-21T09:32:36.231Z,2023-01-21T09:32:36Z,,,,,,,,,,,,,,,,,,,,,,,,,8wbljx8706rh6uyhf8eegl1w5,S. Jamieson,,,,,,,,,,,,,,,,,,,,,,,,,,,,,,,,,,
2499049601,497,1,1,46,2,c33jm806py6adse5wv9wx6ch1,1,14.7,88.1,2023-01-21T09:32:37.990Z,2023-01-21T09:32:39Z,3986752089,56,Back,3986752093,141,69.0,3986752097,213,4.3,3986752095,212,14.0,3986752091,140,9.7,,,,,,,,,,8wbljx8706rh6uyhf8eegl1w5,S. Jamieson,,,,,,,,,,,,,,,,,,,,,,,,,,,,,,,,,,
2499049605,498,1,1,46,4,c33jm806py6adse5wv9wx6ch1,1,9.7,69,2023-01-21T09:32:39.510Z,2023-01-21T09:32:49Z,3986752131,141,68.5,3986752129,140,27.8,3986752135,213,6.3,3986752133,212,19.0,3986752127,56,Back,,,,,,,,,,dnpala3bol8svyc2awng6iv9x,C. Good,,,,,,,,,,,,,,,,,,,,,,,,,,,,,,,,,,
2499049607,499,4,1,46,12,c33jm806py6adse5wv9wx6ch1,1,66.2,76.4,2023-01-21T09:32:47.718Z,2023-01-21T09:32:51Z,3986752141,294,,3986752173,233,345,3986752145,152,,3986752147,286,,3986752143,56,Center,3986752139,13,,,,,,,,bcytv86dp6kqrsosu6gck9q7d,A. O'Neill,,,,,,,,,,,,,,,,,,,,,,,,,,,,,,,,,,
2499049611,345,4,1,46,12,v046no35g7ebk8lytdjmfb43,0,33.8,23.6,2023-01-21T09:32:47.719Z,2023-01-21T09:32:51Z,3986752165,294,,3986752169,152,,3986752177,233,499,3986752163,13,,3986752171,285,,3986752167,56,Back,,,,,,,abfwfqsv8o9xsnkor896869cl,J. O'Shea,,,,,,,,,,,,,,,,,,,,,,,,,,,,,,,,,,
2499049615,346,17,1,46,19,v046no35g7ebk8lytdjmfb43,1,0,0,2023-01-21T09:32:54.572Z,2023-01-21T16:00:20Z,3986752193,31,,3986752197,13,243,3986752209,393,,,,,,,,,,,,,,,,,abfwfqsv8o9xsnkor896869cl,J. O'Shea,,,,,,,,,,,,,,,,,,,,,,,,,,,,,,,,,,
2499049639,500,1,1,47,5,c33jm806py6adse5wv9wx6ch1,0,61.6,83.5,2023-01-21T09:33:40.742Z,2023-01-21T16:00:26Z,3986752333,212,30.9,3987792833,223,,3986752329,140,86.6,3986752319,2,,3986752331,141,59.4,3987792835,20,,3986752335,213,5.7,3986752323,155,,446scvw0ckoxnvnsqcqocve1h,V. Berisha,,3986752327,56,Center,3986752325,152,3986752321,5,,,,,,,,,,,,,,,,,,,,,,,,,,
2499049645,347,12,1,47,6,v046no35g7ebk8lytdjmfb43,1,14.5,46.9,2023-01-21T09:33:41.764Z,2023-01-21T09:33:43Z,3986752353,141,57.9,3986752363,15,,3986752357,213,2.4,3986752347,56,Back,3986752355,212,10.6,3986752351,140,7.3,,,,,,,dhnssdf1iuorniavvla5zbwx6,K. Trewin,,,,,,,,,,,,,,,,,,,,,,,,,,,,,,,,,,
2499049649,501,44,1,47,11,c33jm806py6adse5wv9wx6ch1,1,92,44.4,2023-01-21T09:33:46.405Z,2023-01-21T09:33:48Z,3986752373,56,Center,3986752375,286,,3986752393,233,348,,,,,,,,,,,,,,,,dnpala3bol8svyc2awng6iv9x,C. Good,,,,,,,,,,,,,,,,,,,,,,,,,,,,,,,,,,
2499049647,348,44,1,47,11,v046no35g7ebk8lytdjmfb43,0,8,55.6,2023-01-21T09:33:46.406Z,2023-01-21T09:35:08Z,3986752407,233,501,3986752369,56,Back,3986752371,285,,,,,,,,,,,,,,,,,ez47kkcz2wgypddldq97yz2dx,C. Chapman,,,,,,,,,,,,,,,,,,,,,,,,,,,,,,,,,,
2499049651,502,15,1,47,11,c33jm806py6adse5wv9wx6ch1,1,92.9,43.5,2023-01-21T09:33:46.774Z,2023-01-21T16:00:54Z,3986752447,103,32.3,3986752443,79,,3986752411,24,,3986752417,328,,3986752413,15,,3986752445,102,49.6,3986752457,233,349,3986752453,147,47.1,dnpala3bol8svyc2awng6iv9x,C. Good,,3986752385,56,Center,3986752449,458,3986752451,146,99.7,3986752383,17,,,,,,,,,,,,,,,,,,,,,,,
2499049653,349,10,1,47,11,v046no35g7ebk8lytdjmfb43,1,1.8,49.7,2023-01-21T09:33:46.874Z,2023-01-21T16:00:57Z,3986752403,182,,3986752419,177,,3986752421,181,,3986752435,233,502,3987794593,378,,3986752405,56,Back,,,,,,,cb0y1hi0ozn1rx00vx6a1xr6x,J. Holmes,,,,,,,,,,,,,,,,,,,,,,,,,,,,,,,,,,
2499049655,350,52,1,47,13,v046no35g7ebk8lytdjmfb43,1,1.8,49.7,2023-01-21T09:33:48.630Z,2023-01-21T16:00:59Z,3987794707,377,,,,,,,,,,,,,,,,,,,,,,,cb0y1hi0ozn1rx00vx6a1xr6x,J. Holmes,,,,,,,,,,,,,,,,,,,,,,,,,,,,,,,,,,
2499049669,351,80,1,47,33,v046no35g7ebk8lytdjmfb43,0,13.5,33.1,2023-01-21T09:34:08.881Z,2023-01-21T09:34:09Z,,,,,,,,,,,,,,,,,,,,,,,,,cb0y1hi0ozn1rx00vx6a1xr6x,J. Holmes,,,,,,,,,,,,,,,,,,,,,,,,,,,,,,,,,,
2499049671,352,1,1,47,35,v046no35g7ebk8lytdjmfb43,0,20.1,31.3,2023-01-21T09:34:10.212Z,2023-01-21T09:34:19Z,3986752527,140,64.4,3986752533,213,6.3,3986752523,198,,3986752529,141,30.4,3986752521,157,,3986752535,1,,3986752525,56,Center,3986752531,212,46.5,cb0y1hi0ozn1rx00vx6a1xr6x,J. Holmes,,,,,,,,,,,,,,,,,,,,,,,,,,,,,,,,,,
2499049673,503,2,1,47,36,c33jm806py6adse5wv9wx6ch1,1,31.6,71.9,2023-01-21T09:34:11.527Z,2023-01-21T16:01:30Z,3986752549,3,,3986752547,1,,3986752553,140,63.1,3986752551,56,Center,3986752555,141,60.6,3986752545,7,31v9w4cyk1fxlig452kuc65ed,,,,,,,dnpala3bol8svyc2awng6iv9x,C. Good,,,,,,,,,,,,,,,,,,,,,,,,,,,,,,,,,,
2499049677,353,55,1,47,36,v046no35g7ebk8lytdjmfb43,1,28.8,35.2,2023-01-21T09:34:11.528Z,2023-01-21T09:45:40Z,3986752891,189,,,,,,,,,,,,,,,,,,,,,,,3zl5ec82f8zebkxkfdz16e3th,T. Aldred,,,,,,,,,,,,,,,,,,,,,,,,,,,,,,,,,,
2499049687,354,30,1,48,0,v046no35g7ebk8lytdjmfb43,1,0,0,2023-01-21T09:34:35.340Z,2023-01-21T09:34:42Z,3986752673,57,0,,,,,,,,,,,,,,,,,,,,,,,,,,,,,,,,,,,,,,,,,,,,,,,,,,,,,,,,,
2499049685,504,30,1,48,0,c33jm806py6adse5wv9wx6ch1,1,0,0,2023-01-21T09:34:35.340Z,2023-01-21T10:08:36Z,3986752671,57,0,,,,,,,,,,,,,,,,,,,,,,,,,,,,,,,,,,,,,,,,,,,,,,,,,,,,,,,,,
2499050389,357,32,2,45,0,v046no35g7ebk8lytdjmfb43,1,0,0,2023-01-21T09:50:49.961Z,2023-01-21T14:58:32Z,3986757245,127,Right to Left,,,,,,,,,,,,,,,,,,,,,,,,,,,,,,,,,,,,,,,,,,,,,,,,,,,,,,,,,
2499050385,505,32,2,45,0,c33jm806py6adse5wv9wx6ch1,1,0,0,2023-01-21T09:50:49.961Z,2023-01-21T09:50:50Z,3986757235,127,Left to Right,,,,,,,,,,,,,,,,,,,,,,,,,,,,,,,,,,,,,,,,,,,,,,,,,,,,,,,,,
2499050401,358,1,2,45,0,v046no35g7ebk8lytdjmfb43,1,50.1,49.7,2023-01-21T09:50:50.061Z,2023-01-21T09:50:58Z,3986757345,212,15.9,3986757341,140,35.0,3986757343,141,49.6,3986757339,56,Back,3986757347,213,3.1,3986757349,279,S,,,,,,,uyhh5u2ezau9f095symdh3sa,C. Armiento,,,,,,,,,,,,,,,,,,,,,,,,,,,,,,,,,,
2499050403,359,1,2,45,4,v046no35g7ebk8lytdjmfb43,0,35.3,49.3,2023-01-21T09:50:54.335Z,2023-01-21T10:07:28Z,3986757375,213,5.6,3986757371,141,6.7,3986757367,56,Right,3986757365,155,,3986757373,212,45.3,3986757377,1,,3986757369,140,68.5,,,,dhnssdf1iuorniavvla5zbwx6,K. Trewin,,,,,,,,,,,,,,,,,,,,,,,,,,,,,,,,,,
2499050397,506,61,2,45,5,c33jm806py6adse5wv9wx6ch1,1,32.3,92,2023-01-21T09:50:55.567Z,2023-01-21T09:50:55Z,3986757307,56,Back,,,,,,,,,,,,,,,,,,,,,,8wbljx8706rh6uyhf8eegl1w5,S. Jamieson,,,,,,,,,,,,,,,,,,,,,,,,,,,,,,,,,,
2499050405,507,1,2,45,9,c33jm806py6adse5wv9wx6ch1,0,26.9,90.9,2023-01-21T09:50:59.216Z,2023-01-21T09:51:01Z,3986757395,212,32.6,3986757387,157,,3986757391,140,57.6,3986757399,1,,3986757389,56,Left,3986757393,141,83.5,3986757397,213,6.1,,,,dnpala3bol8svyc2awng6iv9x,C. Good,,,,,,,,,,,,,,,,,,,,,,,,,,,,,,,,,,
2499050407,360,1,2,45,11,v046no35g7ebk8lytdjmfb43,1,39.7,17,2023-01-21T09:51:01.439Z,2023-01-21T09:52:22Z,3986757423,56,Right,3986757427,141,14.9,3986757429,212,18.6,3986757431,213,6.2,3986757425,140,57.4,3986757421,3,,,,,,,,3zl5ec82f8zebkxkfdz16e3th,T. Aldred,,,,,,,,,,,,,,,,,,,,,,,,,,,,,,,,,,
2499050567,364,61,2,45,12,v046no35g7ebk8lytdjmfb43,0,52,19.4,2023-01-21T09:51:02.206Z,2023-01-21T09:52:29Z,3986758185,56,Right,,,,,,,,,,,,,,,,,,,,,,6jri9zzc1ccwcof95srv8h4pg,L. Zabala,,,,,,,,,,,,,,,,,,,,,,,,,,,,,,,,,,
2499050409,508,49,2,45,13,c33jm806py6adse5wv9wx6ch1,1,46.4,83.6,2023-01-21T09:51:03.601Z,2023-01-21T09:51:03Z,,,,,,,,,,,,,,,,,,,,,,,,,7cdvlgpi8g3e8ttspzvr1k251,M. Leckie,,,,,,,,,,,,,,,,,,,,,,,,,,,,,,,,,,
2499050431,509,1,2,45,16,c33jm806py6adse5wv9wx6ch1,1,64.3,66.7,2023-01-21T09:51:06.944Z,2023-01-21T09:51:10Z,3986757515,56,Center,3986757523,213,5.5,3986757519,141,39.4,3986757521,212,25.2,3986757517,140,80.5,,,,,,,,,,7cdvlgpi8g3e8ttspzvr1k251,M. Leckie,,,,,,,,,,,,,,,,,,,,,,,,,,,,,,,,,,
2499050433,510,50,2,45,20,c33jm806py6adse5wv9wx6ch1,1,85.2,41.2,2023-01-21T09:51:10.801Z,2023-01-21T09:51:12Z,3986757529,56,Center,3986757531,286,,3986757541,233,361,,,,,,,,,,,,,,,,c00r3yls3lf245nbo93m9d6cq,M. Tilio,,,,,,,,,,,,,,,,,,,,,,,,,,,,,,,,,,
2499050435,361,7,2,45,20,v046no35g7ebk8lytdjmfb43,1,14.8,58.8,2023-01-21T09:51:10.802Z,2023-01-21T16:10:20Z,3986757537,233,510,3986757533,56,Back,3986757535,285,,3987845571,384,,,,,,,,,,,,,,bhl2kwvi52osrdsdnbtw45lyi,J. Courtney-Perkins,,,,,,,,,,,,,,,,,,,,,,,,,,,,,,,,,,
2499050683,375,50,2,45,21,v046no35g7ebk8lytdjmfb43,1,20.2,60.2,2023-01-21T09:51:10.973Z,2023-01-21T09:54:20Z,3986758741,285,,3986758739,56,Back,3986758995,233,511,,,,,,,,,,,,,,,,7mgwfxva7w88k90jhjd1wx3o5,S. Neville,,,,,,,,,,,,,,,,,,,,,,,,,,,,,,,,,,
2499050437,511,7,2,45,21,c33jm806py6adse5wv9wx6ch1,1,79.8,39.8,2023-01-21T09:51:10.974Z,2023-01-21T16:09:29Z,3986758989,233,375,3986758749,286,,3986757545,56,Center,3987839025,384,,,,,,,,,,,,,,c00r3yls3lf245nbo93m9d6cq,M. Tilio,,,,,,,,,,,,,,,,,,,,,,,,,,,,,,,,,,
2499050439,512,1,2,45,22,c33jm806py6adse5wv9wx6ch1,0,76.2,42.2,2023-01-21T09:51:12.464Z,2023-01-21T09:51:16Z,3986757589,286,,3986757561,141,43.1,3986757583,236,,3986757565,213,0.8,3986757557,56,Center,3986757585,233,362,3986757563,212,0.9,3986757559,140,76.8,7q8urr40blud747zzb3io8w5x,R. van der Venne,,,,,,,,,,,,,,,,,,,,,,,,,,,,,,,,,,
2499050443,362,74,2,45,22,v046no35g7ebk8lytdjmfb43,1,26.9,60.3,2023-01-21T09:51:12.465Z,2023-01-21T10:08:37Z,3986757591,233,512,3986757577,285,,3986757575,56,Back,,,,,,,,,,,,,,,,7mgwfxva7w88k90jhjd1wx3o5,S. Neville,,,,,,,,,,,,,,,,,,,,,,,,,,,,,,,,,,
2499050447,513,1,2,45,25,c33jm806py6adse5wv9wx6ch1,1,73.6,51.8,2023-01-21T09:51:15.664Z,2023-01-21T09:53:48Z,3986757607,141,44.9,3986757611,213,4.0,3986757603,56,Center,3986757609,212,6.4,3986757605,140,69.4,,,,,,,,,,7cdvlgpi8g3e8ttspzvr1k251,M. Leckie,,,,,,,,,,,,,,,,,,,,,,,,,,,,,,,,,,
2499050451,514,1,2,45,27,c33jm806py6adse5wv9wx6ch1,1,69.7,42.7,2023-01-21T09:51:17.472Z,2023-01-21T09:51:19Z,3986757625,212,11.2,3986757621,140,75.5,3986757623,141,28.8,3986757627,213,5.3,3986757619,56,Center,,,,,,,,,,bcytv86dp6kqrsosu6gck9q7d,A. O'Neill,,,,,,,,,,,,,,,,,,,,,,,,,,,,,,,,,,
2499050455,515,1,2,45,29,c33jm806py6adse5wv9wx6ch1,1,74.4,28.5,2023-01-21T09:51:19.296Z,2023-01-21T09:51:21Z,3986757641,140,72.0,3986757645,212,6.6,3986757647,213,2.0,3986757643,141,37.4,3986757639,56,Center,,,,,,,,,,7q8urr40blud747zzb3io8w5x,R. van der Venne,,,,,,,,,,,,,,,,,,,,,,,,,,,,,,,,,,
2499050463,516,1,2,45,31,c33jm806py6adse5wv9wx6ch1,1,70.9,43.7,2023-01-21T09:51:21.744Z,2023-01-21T09:51:25Z,3986757675,56,Center,3986757681,212,15.1,3986757679,141,65.8,3986757683,213,1.5,3986757677,140,72.5,,,,,,,,,,c00r3yls3lf245nbo93m9d6cq,M. Tilio,,,,,,,,,,,,,,,,,,,,,,,,,,,,,,,,,,
2499050467,517,1,2,45,35,c33jm806py6adse5wv9wx6ch1,1,79.3,69.4,2023-01-21T09:51:25.696Z,2023-01-21T09:51:27Z,3986757693,140,79.1,3986757697,212,12.3,3986757695,141,87.5,3986757699,213,1.6,3986757691,56,Left,,,,,,,,,,7cdvlgpi8g3e8ttspzvr1k251,M. Leckie,,,,,,,,,,,,,,,,,,,,,,,,,,,,,,,,,,
2499050469,518,1,2,45,37,c33jm806py6adse5wv9wx6ch1,1,78.4,87.1,2023-01-21T09:51:27.568Z,2023-01-21T09:51:29Z,3986757713,56,Center,3986757717,141,72.3,3986757721,213,4.7,3986757719,212,10.1,3986757715,140,78.3,,,,,,,,,,8wbljx8706rh6uyhf8eegl1w5,S. Jamieson,,,,,,,,,,,,,,,,,,,,,,,,,,,,,,,,,,
2499050475,519,1,2,45,39,c33jm806py6adse5wv9wx6ch1,1,77.5,70.6,2023-01-21T09:51:29.392Z,2023-01-21T09:51:31Z,3986757745,213,1.9,3986757737,56,Left,3986757741,141,89.4,3986757739,140,73.4,3986757743,212,13.5,,,,,,,,,,446scvw0ckoxnvnsqcqocve1h,V. Berisha,,,,,,,,,,,,,,,,,,,,,,,,,,,,,,,,,,
2499050481,520,1,2,45,40,c33jm806py6adse5wv9wx6ch1,1,73.4,89.4,2023-01-21T09:51:30.944Z,2023-01-21T09:51:35Z,3986757767,140,80.0,3986757771,212,8.0,3986757769,141,95.3,3986757773,213,0.5,3986757765,56,Left,,,,,,,,,,8wbljx8706rh6uyhf8eegl1w5,S. Jamieson,,,,,,,,,,,,,,,,,,,,,,,,,,,,,,,,,,
2499050487,521,1,2,45,44,c33jm806py6adse5wv9wx6ch1,1,82.4,93.6,2023-01-21T09:51:34.960Z,2023-01-21T09:51:37Z,3986757791,140,73.6,3986757795,212,9.3,3986757797,213,3.2,3986757789,56,Left,3986757793,141,92.6,,,,,,,,,,7cdvlgpi8g3e8ttspzvr1k251,M. Leckie,,,,,,,,,,,,,,,,,,,,,,,,,,,,,,,,,,
2499050489,522,1,2,45,47,c33jm806py6adse5wv9wx6ch1,1,75.6,93.3,2023-01-21T09:51:37.855Z,2023-01-21T09:51:38Z,3986757813,212,2.2,3986757809,140,76.5,3986757815,213,1.1,3986757807,56,Left,3986757811,141,96.2,,,,,,,,,,8wbljx8706rh6uyhf8eegl1w5,S. Jamieson,,,,,,,,,,,,,,,,,,,,,,,,,,,,,,,,,,
2499050493,523,1,2,45,48,c33jm806py6adse5wv9wx6ch1,1,76.5,96.2,2023-01-21T09:51:38.720Z,2023-01-21T09:51:41Z,3986757833,212,7.6,3986757827,56,Left,3986757831,141,86.8,3986757829,140,72.5,3986757835,213,4.1,,,,,,,,,,7cdvlgpi8g3e8ttspzvr1k251,M. Leckie,,,,,,,,,,,,,,,,,,,,,,,,,,,,,,,,,,
2499050501,524,1,2,45,51,c33jm806py6adse5wv9wx6ch1,1,72.5,86.8,2023-01-21T09:51:41.504Z,2023-01-21T09:52:56Z,3986757863,212,19.5,3986757857,56,Center,3986757865,213,4.8,3986757861,141,58.2,3986757859,140,73.6,,,,,,,,,,446scvw0ckoxnvnsqcqocve1h,V. Berisha,,,,,,,,,,,,,,,,,,,,,,,,,,,,,,,,,,
2499050505,525,1,2,45,55,c33jm806py6adse5wv9wx6ch1,1,73.6,58.2,2023-01-21T09:51:45.552Z,2023-01-21T09:51:47Z,3986757881,56,Center,3986757885,141,23.1,3986757887,212,24.0,3986757883,140,70.9,3986757889,213,4.6,,,,,,,,,,c00r3yls3lf245nbo93m9d6cq,M. Tilio,,,,,,,,,,,,,,,,,,,,,,,,,,,,,,,,,,
2499050511,526,1,2,45,58,c33jm806py6adse5wv9wx6ch1,1,72.4,16.7,2023-01-21T09:51:48.176Z,2023-01-21T09:51:51Z,3986757911,141,24.9,3986757907,56,Center,3986757915,213,1.8,3986757909,140,71.1,3986757913,212,5.7,,,,,,,,,,cqoz8o1pse9uspkqvq3cmges5,S. Galloway,,,,,,,,,,,,,,,,,,,,,,,,,,,,,,,,,,
2499050517,527,1,2,46,1,c33jm806py6adse5wv9wx6ch1,1,70.3,26.1,2023-01-21T09:51:51.025Z,2023-01-21T09:51:52Z,3986757941,1,,3986757931,56,Center,3986757935,141,78.7,3986757937,212,36.3,3986757933,140,76.1,3986757939,213,1.4,3986757929,155,,,,,7q8urr40blud747zzb3io8w5x,R. van der Venne,,,,,,,,,,,,,,,,,,,,,,,,,,,,,,,,,,
2499050523,528,1,2,46,2,c33jm806py6adse5wv9wx6ch1,1,76.1,78.7,2023-01-21T09:51:52.847Z,2023-01-21T09:51:56Z,3986757957,141,73.5,3986757953,56,Center,3986757959,212,4.3,3986757961,213,4.1,3986757955,140,73.7,,,,,,,,,,8wbljx8706rh6uyhf8eegl1w5,S. Jamieson,,,,,,,,,,,,,,,,,,,,,,,,,,,,,,,,,,
2499050525,529,1,2,46,6,c33jm806py6adse5wv9wx6ch1,1,70.8,80.3,2023-01-21T09:51:56.224Z,2023-01-21T09:51:57Z,3986757973,141,88.3,3986757969,56,Left,3986757977,213,2.8,3986757975,212,15.1,3986757971,140,57.4,,,,,,,,,,446scvw0ckoxnvnsqcqocve1h,V. Berisha,,,,,,,,,,,,,,,,,,,,,,,,,,,,,,,,,,
2499050529,530,1,2,46,7,c33jm806py6adse5wv9wx6ch1,0,57.4,88.3,2023-01-21T09:51:57.728Z,2023-01-21T09:52:01Z,3986757995,141,66.0,3986757999,213,5.1,3986757991,56,Center,3986757993,140,63.8,3986757997,212,16.6,,,,,,,,,,dnpala3bol8svyc2awng6iv9x,C. Good,,,,,,,,,,,,,,,,,,,,,,,,,,,,,,,,,,
2499260741,761,49,2,46,10,v046no35g7ebk8lytdjmfb43,1,34.1,31.4,2023-01-21T09:52:00.600Z,2023-01-21T16:11:03Z,,,,,,,,,,,,,,,,,,,,,,,,,abfwfqsv8o9xsnkor896869cl,J. O'Shea,,,,,,,,,,,,,,,,,,,,,,,,,,,,,,,,,,
2499050537,363,4,2,46,11,v046no35g7ebk8lytdjmfb43,1,38.3,26,2023-01-21T09:52:01.567Z,2023-01-21T09:52:04Z,3986758057,233,531,3986758029,13,,3986758037,286,,3986758033,56,Back,3986758031,294,,3986758035,152,,,,,,,,abfwfqsv8o9xsnkor896869cl,J. O'Shea,,,,,,,,,,,,,,,,,,,,,,,,,,,,,,,,,,
2499050541,531,4,2,46,11,c33jm806py6adse5wv9wx6ch1,0,61.7,74,2023-01-21T09:52:01.568Z,2023-01-21T09:52:05Z,3986758047,56,Center,3986758043,13,,3986758051,285,,3986758049,152,,3986758045,294,,3986758065,233,363,,,,,,,bcytv86dp6kqrsosu6gck9q7d,A. O'Neill,,,,,,,,,,,,,,,,,,,,,,,,,,,,,,,,,,
2499050561,532,17,2,46,14,c33jm806py6adse5wv9wx6ch1,1,0,0,2023-01-21T09:52:04.488Z,2023-01-21T16:11:16Z,3986758153,13,243,3986758857,393,,3986758149,31,,,,,,,,,,,,,,,,,bcytv86dp6kqrsosu6gck9q7d,A. O'Neill,,,,,,,,,,,,,,,,,,,,,,,,,,,,,,,,,,
2499050591,365,1,2,46,51,v046no35g7ebk8lytdjmfb43,0,46.6,16.4,2023-01-21T09:52:41.911Z,2023-01-21T09:57:38Z,3986758285,152,,3986758281,5,,3986758291,141,23.0,3986758295,213,0.1,3986758297,1,,3986758293,212,37.5,3986758289,140,82.1,3986758283,155,,7mgwfxva7w88k90jhjd1wx3o5,S. Neville,,3986758287,56,Center,,,,,,,,,,,,,,,,,,,,,,,,,,,,,,
2499050593,366,44,2,46,52,v046no35g7ebk8lytdjmfb43,1,80.4,22.7,2023-01-21T09:52:42.511Z,2023-01-21T09:52:49Z,3986758303,286,,3986758349,233,533,3986758301,56,Center,,,,,,,,,,,,,,,,4s2umn33b5fo5zcpkwjcbry7d,J. Knowles,,,,,,,,,,,,,,,,,,,,,,,,,,,,,,,,,,
2499050589,533,44,2,46,52,c33jm806py6adse5wv9wx6ch1,0,19.6,77.3,2023-01-21T09:52:42.512Z,2023-01-21T09:52:49Z,3986758275,285,,3986758273,56,Back,3986758353,233,366,,,,,,,,,,,,,,,,dnpala3bol8svyc2awng6iv9x,C. Good,,,,,,,,,,,,,,,,,,,,,,,,,,,,,,,,,,
2499050599,367,1,2,46,52,v046no35g7ebk8lytdjmfb43,0,82.2,23,2023-01-21T09:52:42.919Z,2023-01-21T16:11:35Z,3986758325,213,0.1,3986758313,3,,3986758317,56,Center,3986758321,141,27.1,3986758319,140,100.0,3986758323,212,19.8,3986758315,168,,,,,4s2umn33b5fo5zcpkwjcbry7d,J. Knowles,,,,,,,,,,,,,,,,,,,,,,,,,,,,,,,,,,
2499050595,534,56,2,46,54,c33jm806py6adse5wv9wx6ch1,1,0,0,2023-01-21T09:52:44.879Z,2023-01-21T09:52:45Z,3986758305,56,Back,,,,,,,,,,,,,,,,,,,,,,bdo2grdx1mgm63gii3zar50id,T. Lam,,,,,,,,,,,,,,,,,,,,,,,,,,,,,,,,,,
2499050601,368,5,2,46,56,v046no35g7ebk8lytdjmfb43,0,101.4,27.5,2023-01-21T09:52:46.335Z,2023-01-21T10:02:01Z,3986758329,346,,3986758327,56,Center,3986758345,233,535,,,,,,,,,,,,,,,,4s2umn33b5fo5zcpkwjcbry7d,J. Knowles,,,,,,,,,,,,,,,,,,,,,,,,,,,,,,,,,,
2499050597,535,5,2,46,56,c33jm806py6adse5wv9wx6ch1,1,-1.4,72.5,2023-01-21T09:52:46.335Z,2023-01-21T09:52:47Z,3986758339,233,368,3986758309,56,Back,3986758311,346,,,,,,,,,,,,,,,,,bdo2grdx1mgm63gii3zar50id,T. Lam,,,,,,,,,,,,,,,,,,,,,,,,,,,,,,,,,,
2499050615,536,1,2,47,10,c33jm806py6adse5wv9wx6ch1,1,5,63,2023-01-21T09:53:00.847Z,2023-01-21T09:53:04Z,3986758407,140,13.2,3986758411,212,13.7,3986758403,124,,3986758409,141,47.3,3986758417,237,,3986758413,213,5.4,3986758405,56,Back,,,,77gcx1qotysu9hbi2hw2gjsvd,T. Glover,,,,,,,,,,,,,,,,,,,,,,,,,,,,,,,,,,
2499050617,537,1,2,47,14,c33jm806py6adse5wv9wx6ch1,1,21.9,43.1,2023-01-21T09:53:04.303Z,2023-01-21T09:53:07Z,3986758419,56,Back,3986758427,213,4.6,3986758423,141,8.2,3986758421,140,18.3,3986758425,212,24.0,,,,,,,,,,dnpala3bol8svyc2awng6iv9x,C. Good,,,,,,,,,,,,,,,,,,,,,,,,,,,,,,,,,,
2499050619,538,1,2,47,17,c33jm806py6adse5wv9wx6ch1,0,23.5,14.1,2023-01-21T09:53:07.135Z,2023-01-21T09:53:10Z,3986758463,286,,3986758439,213,0.3,3986758457,236,,3986758437,212,0.8,3986758433,140,24.2,3986758459,233,369,3986758431,56,Back,3986758435,141,14.4,cqoz8o1pse9uspkqvq3cmges5,S. Galloway,,,,,,,,,,,,,,,,,,,,,,,,,,,,,,,,,,
2499050621,369,74,2,47,17,v046no35g7ebk8lytdjmfb43,1,74,81.7,2023-01-21T09:53:07.136Z,2023-01-21T10:08:37Z,3986758451,285,,3986758449,56,Left,3986758465,233,538,,,,,,,,,,,,,,,,bhl2kwvi52osrdsdnbtw45lyi,J. Courtney-Perkins,,,,,,,,,,,,,,,,,,,,,,,,,,,,,,,,,,
2499050625,370,49,2,47,20,v046no35g7ebk8lytdjmfb43,1,69.7,73.6,2023-01-21T09:53:10.686Z,2023-01-21T09:53:10Z,,,,,,,,,,,,,,,,,,,,,,,,,bhl2kwvi52osrdsdnbtw45lyi,J. Courtney-Perkins,,,,,,,,,,,,,,,,,,,,,,,,,,,,,,,,,,
2499050629,371,1,2,47,20,v046no35g7ebk8lytdjmfb43,1,69.7,73.6,2023-01-21T09:53:10.893Z,2023-01-21T09:53:12Z,3986758473,56,Center,3986758477,141,57.2,3986758475,140,77.1,3986758479,212,13.6,3986758481,213,5.3,,,,,,,,,,bhl2kwvi52osrdsdnbtw45lyi,J. Courtney-Perkins,,,,,,,,,,,,,,,,,,,,,,,,,,,,,,,,,,
2499050637,372,1,2,47,22,v046no35g7ebk8lytdjmfb43,1,74.1,53.4,2023-01-21T09:53:12.366Z,2023-01-21T10:51:13Z,3986768151,140,68.4,3986768155,212,10.8,3986768157,213,4.1,3986768153,141,40.2,3986758497,56,Center,,,,,,,,,,4s2umn33b5fo5zcpkwjcbry7d,J. Knowles,,,,,,,,,,,,,,,,,,,,,,,,,,,,,,,,,,
2499050631,539,43,2,47,22,c33jm806py6adse5wv9wx6ch1,1,0,0,2023-01-21T09:53:12.367Z,2023-01-21T10:15:29Z,3986768169,144,7,3986760531,233,372,3986758487,285,0,3986758485,56,Back,,,,,,,,,,,,,446scvw0ckoxnvnsqcqocve1h,V. Berisha,,,,,,,,,,,,,,,,,,,,,,,,,,,,,,,,,,
2499050641,373,61,2,47,23,v046no35g7ebk8lytdjmfb43,0,68.2,30,2023-01-21T09:53:13.614Z,2023-01-21T10:07:19Z,3986758513,56,Center,,,,,,,,,,,,,,,,,,,,,,6jri9zzc1ccwcof95srv8h4pg,L. Zabala,,,,,,,,,,,,,,,,,,,,,,,,,,,,,,,,,,
2499050635,540,49,2,47,24,c33jm806py6adse5wv9wx6ch1,1,29.7,79,2023-01-21T09:53:14.945Z,2023-01-21T09:53:15Z,,,,,,,,,,,,,,,,,,,,,,,,,dnpala3bol8svyc2awng6iv9x,C. Good,,,,,,,,,,,,,,,,,,,,,,,,,,,,,,,,,,
2499050643,541,1,2,47,25,c33jm806py6adse5wv9wx6ch1,1,29.7,79,2023-01-21T09:53:15.071Z,2023-01-21T09:53:19Z,3986758521,56,Back,3986758529,213,6.0,3986758525,141,73.0,3986758527,212,14.4,3986758523,140,42.9,,,,,,,,,,dnpala3bol8svyc2awng6iv9x,C. Good,,,,,,,,,,,,,,,,,,,,,,,,,,,,,,,,,,
2499262707,762,45,2,47,26,v046no35g7ebk8lytdjmfb43,0,62,27.5,2023-01-21T09:53:16.810Z,2023-01-21T16:12:51Z,3987861155,56,Center,3987861157,285,,3987864499,233,1058,,,,,,,,,,,,,,,,7mgwfxva7w88k90jhjd1wx3o5,S. Neville,,,,,,,,,,,,,,,,,,,,,,,,,,,,,,,,,,
2499263015,1058,3,2,47,26,c33jm806py6adse5wv9wx6ch1,1,38,72.5,2023-01-21T09:53:16.810Z,2023-01-21T16:12:51Z,3987862739,286,,3987862741,464,,3987864451,233,762,3987862737,56,Back,,,,,,,,,,,,,7cdvlgpi8g3e8ttspzvr1k251,M. Leckie,,,,,,,,,,,,,,,,,,,,,,,,,,,,,,,,,,
2499050647,542,1,2,47,28,c33jm806py6adse5wv9wx6ch1,1,43,64.2,2023-01-21T09:53:18.959Z,2023-01-21T09:53:21Z,3986758541,141,77.6,3986758545,213,0.2,3986758537,56,Center,3986758547,1,,3986758539,140,80.2,3986758543,212,40.1,,,,,,,7cdvlgpi8g3e8ttspzvr1k251,M. Leckie,,,,,,,,,,,,,,,,,,,,,,,,,,,,,,,,,,
2499050651,543,1,2,47,31,c33jm806py6adse5wv9wx6ch1,0,80.3,75.4,2023-01-21T09:53:21.696Z,2023-01-21T16:29:31Z,3987992837,1,,3986758575,213,5.3,3986758567,56,Center,3986758571,141,29.3,3986758573,212,38.1,3986758569,140,100.0,,,,,,,7q8urr40blud747zzb3io8w5x,R. van der Venne,,,,,,,,,,,,,,,,,,,,,,,,,,,,,,,,,,
2499050659,544,43,2,47,33,c33jm806py6adse5wv9wx6ch1,1,0,0,2023-01-21T09:53:23.295Z,2023-01-21T16:13:31Z,3986758609,154,0,3986758605,56,Center,3986758611,55,543,3986758607,29,0,3986758615,89,0,3987869821,144,60,,,,,,,446scvw0ckoxnvnsqcqocve1h,V. Berisha,,,,,,,,,,,,,,,,,,,,,,,,,,,,,,,,,,
2499050653,374,5,2,47,34,v046no35g7ebk8lytdjmfb43,1,-0.9,71.2,2023-01-21T09:53:24.271Z,2023-01-21T09:53:29Z,3986758581,346,,3986758579,56,Back,3986758627,233,545,,,,,,,,,,,,,,,,6jri9zzc1ccwcof95srv8h4pg,L. Zabala,,,,,,,,,,,,,,,,,,,,,,,,,,,,,,,,,,
2499050661,545,5,2,47,34,c33jm806py6adse5wv9wx6ch1,0,100.9,28.8,2023-01-21T09:53:24.271Z,2023-01-21T10:02:01Z,3986758619,56,Center,3986758633,233,374,3986758621,346,,,,,,,,,,,,,,,,,31v9w4cyk1fxlig452kuc65ed,J. Maclaren,,,,,,,,,,,,,,,,,,,,,,,,,,,,,,,,,,
2499050695,376,1,2,48,2,v046no35g7ebk8lytdjmfb43,0,4.9,49.7,2023-01-21T09:53:52.623Z,2023-01-21T16:13:36Z,3987870491,189,,3986758797,74,,3986758789,141,45.5,3986758793,213,6.2,3986758783,124,,3986758787,140,69.1,3986758785,56,Center,3986758791,212,67.5,cb0y1hi0ozn1rx00vx6a1xr6x,J. Holmes,,3986758795,1,,,,,,,,,,,,,,,,,,,,,,,,,,,,,,,
2499050689,546,1,2,48,4,c33jm806py6adse5wv9wx6ch1,0,29.6,72.1,2023-01-21T09:53:54.351Z,2023-01-21T16:14:07Z,3986758763,140,46.6,3986758767,212,18.2,3986758765,141,77.3,3986758761,56,Back,3986758759,3,,3986758769,213,0.2,,,,,,,dnpala3bol8svyc2awng6iv9x,C. Good,,,,,,,,,,,,,,,,,,,,,,,,,,,,,,,,,,
2499050699,377,61,2,48,5,v046no35g7ebk8lytdjmfb43,1,58.7,23.1,2023-01-21T09:53:55.534Z,2023-01-21T16:14:00Z,3986758813,56,Center,,,,,,,,,,,,,,,,,,,,,,6jri9zzc1ccwcof95srv8h4pg,L. Zabala,,,,,,,,,,,,,,,,,,,,,,,,,,,,,,,,,,
2499050703,378,1,2,48,8,v046no35g7ebk8lytdjmfb43,0,36.3,7.5,2023-01-21T09:53:58.734Z,2023-01-21T10:50:40Z,3986758833,236,,3986758827,141,8.3,3986758823,56,Back,3986758829,212,0.8,3986758839,286,,3986758835,233,547,3986758831,213,0.7,3986758825,140,36.9,7mgwfxva7w88k90jhjd1wx3o5,S. Neville,,,,,,,,,,,,,,,,,,,,,,,,,,,,,,,,,,
2499050697,547,74,2,48,8,c33jm806py6adse5wv9wx6ch1,1,60.1,92.4,2023-01-21T09:53:58.735Z,2023-01-21T10:08:38Z,3986758809,285,,3986758807,56,Left,3986758841,233,378,,,,,,,,,,,,,,,,7cdvlgpi8g3e8ttspzvr1k251,M. Leckie,,,,,,,,,,,,,,,,,,,,,,,,,,,,,,,,,,
2499266023,763,1,2,48,10,v046no35g7ebk8lytdjmfb43,0,35.3,7.2,2023-01-21T09:54:00.279Z,2023-01-21T16:14:33Z,3987877997,140,42.0,3987878003,213,0.3,3987877995,56,Back,3987878001,212,7.4,3987877999,141,10.7,,,,,,,,,,7mgwfxva7w88k90jhjd1wx3o5,S. Neville,,,,,,,,,,,,,,,,,,,,,,,,,,,,,,,,,,
2499050709,548,49,2,48,12,c33jm806py6adse5wv9wx6ch1,1,65.1,74.2,2023-01-21T09:54:02.880Z,2023-01-21T09:54:03Z,,,,,,,,,,,,,,,,,,,,,,,,,446scvw0ckoxnvnsqcqocve1h,V. Berisha,,,,,,,,,,,,,,,,,,,,,,,,,,,,,,,,,,
2499050711,549,1,2,48,13,c33jm806py6adse5wv9wx6ch1,1,61,78.1,2023-01-21T09:54:03.023Z,2023-01-21T16:14:38Z,3986758869,212,14.4,3986758865,140,72.2,3986758867,141,65.8,3986758871,213,5.7,3986758863,56,Center,,,,,,,,,,446scvw0ckoxnvnsqcqocve1h,V. Berisha,,,,,,,,,,,,,,,,,,,,,,,,,,,,,,,,,,
2499050719,550,1,2,48,13,c33jm806py6adse5wv9wx6ch1,1,73.1,51.3,2023-01-21T09:54:03.727Z,2023-01-21T16:15:01Z,3986758905,212,12.5,3986758901,140,79.1,3986759487,154,,3986758899,56,Center,3986759485,210,13,3986758903,141,35.5,3986758907,213,5.2,,,,31v9w4cyk1fxlig452kuc65ed,J. Maclaren,1,,,,,,,,,,,,,,,,,,,,,,,,,,,,,,,,,
2499050721,551,13,2,48,16,c33jm806py6adse5wv9wx6ch1,1,84.9,41.2,2023-01-21T09:54:06.679Z,2023-01-21T16:15:02Z,3986759493,29,,3986759497,55,550,3987881251,121,,3986759507,231,48.6,3986759503,103,34.7,3986759501,102,57.8,3986759505,230,98.6,3986759495,154,,c00r3yls3lf245nbo93m9d6cq,M. Tilio,,3986758919,17,,3986759391,72,3986759491,83,,3986758921,56,Center,3986758917,22,,,,,,,,,,,,,,,,,,,,
2499050717,379,5,2,48,18,v046no35g7ebk8lytdjmfb43,1,-1.4,45.6,2023-01-21T09:54:08.046Z,2023-01-21T09:54:09Z,3986758897,346,,3986758895,56,Back,3986758937,233,552,,,,,,,,,,,,,,,,7mgwfxva7w88k90jhjd1wx3o5,S. Neville,,,,,,,,,,,,,,,,,,,,,,,,,,,,,,,,,,
2499050723,552,5,2,48,18,c33jm806py6adse5wv9wx6ch1,0,101.4,54.4,2023-01-21T09:54:08.046Z,2023-01-21T10:02:01Z,3986758945,233,379,3986758929,56,Center,3986758931,346,,,,,,,,,,,,,,,,,c00r3yls3lf245nbo93m9d6cq,M. Tilio,,,,,,,,,,,,,,,,,,,,,,,,,,,,,,,,,,
2499050737,380,1,2,48,35,v046no35g7ebk8lytdjmfb43,1,5.1,50.6,2023-01-21T09:54:25.598Z,2023-01-21T16:15:09Z,3986759045,237,,3987882085,189,,3986759041,213,5.0,3986759031,124,,3986759035,140,9.5,3986759037,141,29.7,3986759033,56,Back,3986759039,212,14.9,cb0y1hi0ozn1rx00vx6a1xr6x,J. Holmes,,,,,,,,,,,,,,,,,,,,,,,,,,,,,,,,,,
2499050741,381,1,2,48,37,v046no35g7ebk8lytdjmfb43,1,11.6,24,2023-01-21T09:54:27.951Z,2023-01-21T09:54:30Z,3986759063,140,58.0,3986759067,212,48.7,3986759071,1,,3986759059,155,,3986759069,213,6.3,3986759065,141,23.1,3986759061,56,Center,,,,3zl5ec82f8zebkxkfdz16e3th,T. Aldred,,,,,,,,,,,,,,,,,,,,,,,,,,,,,,,,,,
2499050743,382,44,2,48,40,v046no35g7ebk8lytdjmfb43,1,62,27.1,2023-01-21T09:54:30.238Z,2023-01-21T09:54:31Z,3986759077,286,,3986759083,233,553,3986759075,56,Center,,,,,,,,,,,,,,,,4s2umn33b5fo5zcpkwjcbry7d,J. Knowles,,,,,,,,,,,,,,,,,,,,,,,,,,,,,,,,,,
2499050745,553,44,2,48,40,c33jm806py6adse5wv9wx6ch1,0,38,72.9,2023-01-21T09:54:30.239Z,2023-01-21T09:54:32Z,3986759087,233,382,3986759079,56,Back,3986759081,285,,,,,,,,,,,,,,,,,dnpala3bol8svyc2awng6iv9x,C. Good,,,,,,,,,,,,,,,,,,,,,,,,,,,,,,,,,,
2499050749,383,1,2,48,40,v046no35g7ebk8lytdjmfb43,0,56.4,22.5,2023-01-21T09:54:30.414Z,2023-01-21T16:15:15Z,3986759105,140,85.0,3986759101,168,,3986759111,213,0.5,3986759109,212,33.5,3987883139,1,,3986759103,56,Center,3986759099,3,,3986759107,141,44.3,4s2umn33b5fo5zcpkwjcbry7d,J. Knowles,,,,,,,,,,,,,,,,,,,,,,,,,,,,,,,,,,
2499050751,554,52,2,48,44,c33jm806py6adse5wv9wx6ch1,1,12.4,59.1,2023-01-21T09:54:34.910Z,2023-01-21T16:15:18Z,3987883609,376,,,,,,,,,,,,,,,,,,,,,,,77gcx1qotysu9hbi2hw2gjsvd,T. Glover,,,,,,,,,,,,,,,,,,,,,,,,,,,,,,,,,,
2499050755,555,80,2,48,53,c33jm806py6adse5wv9wx6ch1,0,11.4,41.9,2023-01-21T09:54:43.294Z,2023-01-21T09:54:43Z,,,,,,,,,,,,,,,,,,,,,,,,,77gcx1qotysu9hbi2hw2gjsvd,T. Glover,,,,,,,,,,,,,,,,,,,,,,,,,,,,,,,,,,
2499050757,556,1,2,48,54,c33jm806py6adse5wv9wx6ch1,0,11.4,41.9,2023-01-21T09:54:44.689Z,2023-01-21T09:54:46Z,3986759141,213,6.1,3986759131,155,,3986759135,140,45.8,3986759137,141,29.4,3986759133,56,Back,3986759143,1,,3986759139,212,37.1,,,,77gcx1qotysu9hbi2hw2gjsvd,T. Glover,,,,,,,,,,,,,,,,,,,,,,,,,,,,,,,,,,
2499050761,384,1,2,48,55,v046no35g7ebk8lytdjmfb43,0,53.9,71.5,2023-01-21T09:54:45.046Z,2023-01-21T16:16:41Z,3986759167,141,71.2,3986759171,213,6.3,3986759163,56,Center,3986759169,212,13.8,3986759161,3,,3986759165,140,67.0,,,,,,,dhnssdf1iuorniavvla5zbwx6,K. Trewin,,,,,,,,,,,,,,,,,,,,,,,,,,,,,,,,,,
2499050763,557,61,2,48,58,c33jm806py6adse5wv9wx6ch1,0,30.1,35.1,2023-01-21T09:54:48.047Z,2023-01-21T16:16:45Z,3986759173,56,Back,,,,,,,,,,,,,,,,,,,,,,bcytv86dp6kqrsosu6gck9q7d,A. O'Neill,,,,,,,,,,,,,,,,,,,,,,,,,,,,,,,,,,
2499050765,385,49,2,49,0,v046no35g7ebk8lytdjmfb43,1,68.5,75.4,2023-01-21T09:54:50.637Z,2023-01-21T09:54:50Z,,,,,,,,,,,,,,,,,,,,,,,,,abfwfqsv8o9xsnkor896869cl,J. O'Shea,,,,,,,,,,,,,,,,,,,,,,,,,,,,,,,,,,
2499050767,386,1,2,49,1,v046no35g7ebk8lytdjmfb43,1,68.2,77.5,2023-01-21T09:54:51.278Z,2023-01-21T09:54:52Z,3986759191,141,95.1,3986759195,213,1.7,3986759187,56,Left,3986759189,140,66.8,3986759193,212,12.1,,,,,,,,,,abfwfqsv8o9xsnkor896869cl,J. O'Shea,,,,,,,,,,,,,,,,,,,,,,,,,,,,,,,,,,
2499050771,387,1,2,49,2,v046no35g7ebk8lytdjmfb43,1,66.8,95.1,2023-01-21T09:54:52.173Z,2023-01-21T09:54:55Z,3986759219,212,31.8,3986759217,141,95.9,3986759221,213,0.0,3986759213,56,Left,3986759215,140,97.1,,,,,,,,,,bhl2kwvi52osrdsdnbtw45lyi,J. Courtney-Perkins,,,,,,,,,,,,,,,,,,,,,,,,,,,,,,,,,,
2499050773,388,1,2,49,5,v046no35g7ebk8lytdjmfb43,0,97.3,95.9,2023-01-21T09:54:55.374Z,2023-01-21T16:17:02Z,3986759229,56,Center,3986759233,141,54.5,3987896833,386,,3986759237,213,4.6,3986759235,212,28.5,3987896831,225,,3986759231,140,93.2,3986759225,2,,uyhh5u2ezau9f095symdh3sa,C. Armiento,,3987895901,72,,,,,,,,,,,,,,,,,,,,,,,,,,,,,,,
2499050777,558,12,2,49,7,c33jm806py6adse5wv9wx6ch1,1,7.7,42.2,2023-01-21T09:54:57.407Z,2023-01-21T09:55:01Z,3986759267,212,23.0,3986759263,140,11.6,3986759269,213,4.9,3986759261,56,Back,3986759265,141,8.9,,,,,,,,,,dnpala3bol8svyc2awng6iv9x,C. Good,,,,,,,,,,,,,,,,,,,,,,,,,,,,,,,,,,
2499050779,559,1,2,49,10,c33jm806py6adse5wv9wx6ch1,1,11.6,8.9,2023-01-21T09:55:00.895Z,2023-01-21T09:55:02Z,3986759279,213,5.8,3986759277,212,3.5,3986759273,140,14.6,3986759271,56,Back,3986759275,141,6.7,,,,,,,,,,cqoz8o1pse9uspkqvq3cmges5,S. Galloway,,,,,,,,,,,,,,,,,,,,,,,,,,,,,,,,,,
2499050781,560,49,2,49,11,c33jm806py6adse5wv9wx6ch1,1,14.6,6.7,2023-01-21T09:55:01.223Z,2023-01-21T09:56:31Z,,,,,,,,,,,,,,,,,,,,,,,,,c00r3yls3lf245nbo93m9d6cq,M. Tilio,,,,,,,,,,,,,,,,,,,,,,,,,,,,,,,,,,
2499050789,561,1,2,49,12,c33jm806py6adse5wv9wx6ch1,0,14.6,6.7,2023-01-21T09:55:02.918Z,2023-01-21T09:56:29Z,3986759311,141,9.4,3986759307,56,Back,3986759315,213,0.2,3986759309,140,23.3,3986759313,212,9.3,3986759305,168,,,,,,,,c00r3yls3lf245nbo93m9d6cq,M. Tilio,,,,,,,,,,,,,,,,,,,,,,,,,,,,,,,,,,
2499050783,389,49,2,49,13,v046no35g7ebk8lytdjmfb43,1,72.7,85,2023-01-21T09:55:03.454Z,2023-01-21T09:55:03Z,,,,,,,,,,,,,,,,,,,,,,,,,dhnssdf1iuorniavvla5zbwx6,K. Trewin,,,,,,,,,,,,,,,,,,,,,,,,,,,,,,,,,,
2499050787,390,1,2,49,14,v046no35g7ebk8lytdjmfb43,1,72.7,85,2023-01-21T09:55:04.693Z,2023-01-21T09:56:37Z,3986759297,212,5.7,3986759293,140,76.5,3986759299,213,5.5,3986759291,56,Left,3986759295,141,79.0,,,,,,,,,,dhnssdf1iuorniavvla5zbwx6,K. Trewin,,,,,,,,,,,,,,,,,,,,,,,,,,,,,,,,,,
2499050793,391,1,2,49,15,v046no35g7ebk8lytdjmfb43,1,76.5,79,2023-01-21T09:55:05.525Z,2023-01-21T10:50:10Z,3986759335,213,1.4,3986759329,140,78.3,3986759331,141,94.2,3986759325,56,Left,3986759333,212,10.5,,,,,,,,,,abfwfqsv8o9xsnkor896869cl,J. O'Shea,,,,,,,,,,,,,,,,,,,,,,,,,,,,,,,,,,
2499050797,392,1,2,49,17,v046no35g7ebk8lytdjmfb43,1,78.7,93.9,2023-01-21T09:55:07.405Z,2023-01-21T09:55:10Z,3986759349,140,79.3,3986759347,56,Left,3986759353,212,7.5,3986759351,141,82.9,3986759355,213,4.8,,,,,,,,,,bhl2kwvi52osrdsdnbtw45lyi,J. Courtney-Perkins,,,,,,,,,,,,,,,,,,,,,,,,,,,,,,,,,,
2499050801,393,1,2,49,19,v046no35g7ebk8lytdjmfb43,1,84.1,82.9,2023-01-21T09:55:09.901Z,2023-01-21T09:55:14Z,3986759375,213,5.4,3986759367,56,Center,3986759371,141,72.3,3986759373,212,9.4,3986759369,140,89.8,,,,,,,,,,abfwfqsv8o9xsnkor896869cl,J. O'Shea,,,,,,,,,,,,,,,,,,,,,,,,,,,,,,,,,,
2499050803,394,61,2,49,23,v046no35g7ebk8lytdjmfb43,0,95.8,77.2,2023-01-21T09:55:13.950Z,2023-01-21T09:55:14Z,3986759379,56,Center,,,,,,,,,,,,,,,,,,,,,,uyhh5u2ezau9f095symdh3sa,C. Armiento,,,,,,,,,,,,,,,,,,,,,,,,,,,,,,,,,,
2499050807,395,5,2,49,24,v046no35g7ebk8lytdjmfb43,0,101.1,79.8,2023-01-21T09:55:14.735Z,2023-01-21T10:02:01Z,3986759397,346,,3986759403,233,562,3986759395,56,Left,,,,,,,,,,,,,,,,uyhh5u2ezau9f095symdh3sa,C. Armiento,,,,,,,,,,,,,,,,,,,,,,,,,,,,,,,,,,
2499050805,562,5,2,49,24,c33jm806py6adse5wv9wx6ch1,1,-1.1,20.2,2023-01-21T09:55:14.735Z,2023-01-21T09:55:15Z,3986759399,233,395,3986759383,346,,3986759381,56,Back,,,,,,,,,,,,,,,,c00r3yls3lf245nbo93m9d6cq,M. Tilio,,,,,,,,,,,,,,,,,,,,,,,,,,,,,,,,,,
2499050817,563,1,2,49,36,c33jm806py6adse5wv9wx6ch1,1,3.5,48.8,2023-01-21T09:55:26.127Z,2023-01-21T09:55:29Z,3986759469,140,8.7,3986759465,124,,3986759473,212,5.6,3986759467,56,Back,3986759471,141,47.3,3986759479,237,,3986759475,213,6.1,,,,77gcx1qotysu9hbi2hw2gjsvd,T. Glover,,,,,,,,,,,,,,,,,,,,,,,,,,,,,,,,,,
2499050819,564,1,2,49,38,c33jm806py6adse5wv9wx6ch1,1,8.6,47,2023-01-21T09:55:28.863Z,2023-01-21T09:55:31Z,3986759515,141,28.8,3986759519,213,4.2,3986759511,56,Back,3986759513,140,2.7,3986759517,212,13.8,,,,,,,,,,dnpala3bol8svyc2awng6iv9x,C. Good,,,,,,,,,,,,,,,,,,,,,,,,,,,,,,,,,,
2499050823,565,1,2,49,44,c33jm806py6adse5wv9wx6ch1,1,2.9,17.3,2023-01-21T09:55:34.126Z,2023-01-21T09:55:34Z,3986759531,56,Back,3986759539,213,5.1,3986759535,141,3.4,3986759537,212,10.4,3986759533,140,7.1,,,,,,,,,,bdo2grdx1mgm63gii3zar50id,T. Lam,,,,,,,,,,,,,,,,,,,,,,,,,,,,,,,,,,
2499050831,566,1,2,49,44,c33jm806py6adse5wv9wx6ch1,1,7.1,3.4,2023-01-21T09:55:34.782Z,2023-01-21T09:55:39Z,3986759565,140,18.8,3986759569,212,12.3,3986759563,56,Back,3986759567,141,5.0,3986759571,213,0.1,,,,,,,,,,cqoz8o1pse9uspkqvq3cmges5,S. Galloway,,,,,,,,,,,,,,,,,,,,,,,,,,,,,,,,,,
2499050833,567,4,2,49,47,c33jm806py6adse5wv9wx6ch1,1,22.8,5.6,2023-01-21T09:55:37.422Z,2023-01-21T09:55:41Z,3986759583,285,,3986759577,294,,3986759579,56,Back,3986759575,13,,3986759603,233,396,3986759581,152,,,,,,,,c00r3yls3lf245nbo93m9d6cq,M. Tilio,,,,,,,,,,,,,,,,,,,,,,,,,,,,,,,,,,
2499050835,396,4,2,49,47,v046no35g7ebk8lytdjmfb43,0,77.2,94.4,2023-01-21T09:55:37.423Z,2023-01-21T09:55:41Z,3986759593,56,Left,3986759589,13,,3986759597,286,,3986759595,152,,3986759591,294,,3986759607,233,567,,,,,,,ez47kkcz2wgypddldq97yz2dx,C. Chapman,,,,,,,,,,,,,,,,,,,,,,,,,,,,,,,,,,
2499050843,568,1,2,50,1,c33jm806py6adse5wv9wx6ch1,1,19,6.1,2023-01-21T09:55:51.406Z,2023-01-21T09:55:54Z,3986759637,189,,3986759649,212,26.9,3986759639,5,,3986759643,56,Back,3986759647,141,44.5,3986759645,140,12.9,3986759651,213,1.8,3986759641,152,,cqoz8o1pse9uspkqvq3cmges5,S. Galloway,,,,,,,,,,,,,,,,,,,,,,,,,,,,,,,,,,
2499050849,569,1,2,50,5,c33jm806py6adse5wv9wx6ch1,0,12.9,44.5,2023-01-21T09:55:55.104Z,2023-01-21T09:55:57Z,3986759667,140,63.7,3986759671,212,57.7,3986759663,155,,3986759675,1,,3986759669,141,76.7,3986759673,213,0.4,3986759665,56,Center,,,,77gcx1qotysu9hbi2hw2gjsvd,T. Glover,,,,,,,,,,,,,,,,,,,,,,,,,,,,,,,,,,
2499050853,397,49,2,50,9,v046no35g7ebk8lytdjmfb43,1,25.9,27.6,2023-01-21T09:55:58.990Z,2023-01-21T09:55:59Z,,,,,,,,,,,,,,,,,,,,,,,,,7mgwfxva7w88k90jhjd1wx3o5,S. Neville,,,,,,,,,,,,,,,,,,,,,,,,,,,,,,,,,,
2499050857,398,1,2,50,9,v046no35g7ebk8lytdjmfb43,1,25.9,27.6,2023-01-21T09:55:59.821Z,2023-01-21T09:56:03Z,3986759695,141,49.4,3986759701,213,2.5,3986759691,56,Back,3986759693,140,8.6,3986759697,212,23.4,,,,,,,,,,7mgwfxva7w88k90jhjd1wx3o5,S. Neville,,,,,,,,,,,,,,,,,,,,,,,,,,,,,,,,,,
2499050863,399,1,2,50,13,v046no35g7ebk8lytdjmfb43,1,8.7,54.5,2023-01-21T09:56:03.326Z,2023-01-21T09:56:06Z,3986759727,155,,3986759733,141,96.2,3986759737,213,0.9,3986759729,56,Back,3986759735,212,37.2,3986759731,140,31.7,3986759739,1,,,,,cb0y1hi0ozn1rx00vx6a1xr6x,J. Holmes,,,,,,,,,,,,,,,,,,,,,,,,,,,,,,,,,,
2499050865,400,1,2,50,16,v046no35g7ebk8lytdjmfb43,0,31.7,96.2,2023-01-21T09:56:06.014Z,2023-01-21T09:56:06Z,3986759747,56,Back,3986759753,212,10.1,3986759743,3,,3986759749,140,40.7,3986759751,141,100.0,3986759745,168,,3986759755,213,0.4,,,,bhl2kwvi52osrdsdnbtw45lyi,J. Courtney-Perkins,,,,,,,,,,,,,,,,,,,,,,,,,,,,,,,,,,
2499050867,401,5,2,50,16,v046no35g7ebk8lytdjmfb43,0,41,101,2023-01-21T09:56:06.383Z,2023-01-21T09:56:20Z,3986759757,56,Back,3986759833,233,570,3986759759,347,,,,,,,,,,,,,,,,,bhl2kwvi52osrdsdnbtw45lyi,J. Courtney-Perkins,,,,,,,,,,,,,,,,,,,,,,,,,,,,,,,,,,
2499050877,570,5,2,50,16,c33jm806py6adse5wv9wx6ch1,1,59,-1,2023-01-21T09:56:06.383Z,2023-01-21T10:02:01Z,3986759825,233,401,3986759817,56,Right,3986759819,347,,,,,,,,,,,,,,,,,77gcx1qotysu9hbi2hw2gjsvd,T. Glover,,,,,,,,,,,,,,,,,,,,,,,,,,,,,,,,,,
2499050881,571,1,2,50,29,c33jm806py6adse5wv9wx6ch1,1,56.9,0,2023-01-21T09:56:19.646Z,2023-01-21T16:18:17Z,3986759837,107,,3986759843,141,6.7,3986759839,56,Right,3986759847,213,1.0,3986759845,212,6.9,3986759841,140,60.6,3987907249,189,,,,,cqoz8o1pse9uspkqvq3cmges5,S. Galloway,,,,,,,,,,,,,,,,,,,,,,,,,,,,,,,,,,
2499050883,572,1,2,50,30,c33jm806py6adse5wv9wx6ch1,1,60.6,6.7,2023-01-21T09:56:20.910Z,2023-01-21T09:56:21Z,3986759851,56,Right,3986759855,141,2.5,3986759857,212,4.3,3986759853,140,57.6,3986759859,213,3.9,,,,,,,,,,7q8urr40blud747zzb3io8w5x,R. van der Venne,,,,,,,,,,,,,,,,,,,,,,,,,,,,,,,,,,
2499050887,573,1,2,50,31,c33jm806py6adse5wv9wx6ch1,0,57.6,2.5,2023-01-21T09:56:21.487Z,2023-01-21T09:56:23Z,3986759873,141,3.8,3986759877,213,0.6,3986759909,233,402,3986759875,212,1.5,3986759871,140,58.8,3986759913,286,,3986759907,236,,3986759869,56,Right,cqoz8o1pse9uspkqvq3cmges5,S. Galloway,,,,,,,,,,,,,,,,,,,,,,,,,,,,,,,,,,
2499050893,402,74,2,50,31,v046no35g7ebk8lytdjmfb43,1,40.6,92.7,2023-01-21T09:56:21.488Z,2023-01-21T10:49:42Z,3986759915,233,573,3986759887,285,,3986759885,56,Back,,,,,,,,,,,,,,,,dhnssdf1iuorniavvla5zbwx6,K. Trewin,,,,,,,,,,,,,,,,,,,,,,,,,,,,,,,,,,
2499050889,574,61,2,50,32,c33jm806py6adse5wv9wx6ch1,1,58.8,3.8,2023-01-21T09:56:22.445Z,2023-01-21T09:56:22Z,3986759879,56,Right,,,,,,,,,,,,,,,,,,,,,,cqoz8o1pse9uspkqvq3cmges5,S. Galloway,,,,,,,,,,,,,,,,,,,,,,,,,,,,,,,,,,
2499050903,403,1,2,50,33,v046no35g7ebk8lytdjmfb43,0,38.7,93,2023-01-21T09:56:23.790Z,2023-01-21T09:56:24Z,3986759945,1,,3986759941,212,29.7,3986759931,157,,3986759937,140,65.3,3986759933,56,Center,3986759939,141,78.2,3986759943,213,5.9,,,,bhl2kwvi52osrdsdnbtw45lyi,J. Courtney-Perkins,,,,,,,,,,,,,,,,,,,,,,,,,,,,,,,,,,
2499050905,575,1,2,50,34,c33jm806py6adse5wv9wx6ch1,1,39.1,23.9,2023-01-21T09:56:24.607Z,2023-01-21T09:56:26Z,3986759951,140,46.8,3986759955,212,9.1,3986759949,56,Back,3986759947,3,,3986759957,213,5.8,3986759953,141,17.9,,,,,,,dnpala3bol8svyc2awng6iv9x,C. Good,,,,,,,,,,,,,,,,,,,,,,,,,,,,,,,,,,
2499050907,576,61,2,50,36,c33jm806py6adse5wv9wx6ch1,0,46.8,17.9,2023-01-21T09:56:26.223Z,2023-01-21T09:56:26Z,3986759961,56,Back,,,,,,,,,,,,,,,,,,,,,,bcytv86dp6kqrsosu6gck9q7d,A. O'Neill,,,,,,,,,,,,,,,,,,,,,,,,,,,,,,,,,,
2499050909,404,49,2,50,36,v046no35g7ebk8lytdjmfb43,1,56.3,88.7,2023-01-21T09:56:26.717Z,2023-01-21T09:56:26Z,,,,,,,,,,,,,,,,,,,,,,,,,abfwfqsv8o9xsnkor896869cl,J. O'Shea,,,,,,,,,,,,,,,,,,,,,,,,,,,,,,,,,,
2499050913,405,1,2,50,37,v046no35g7ebk8lytdjmfb43,1,41.4,88.9,2023-01-21T09:56:27.821Z,2023-01-21T09:56:29Z,3986759977,56,Back,3986759983,212,9.8,3986759981,141,74.8,3986759979,140,39.5,3986759985,213,4.5,,,,,,,,,,abfwfqsv8o9xsnkor896869cl,J. O'Shea,,,,,,,,,,,,,,,,,,,,,,,,,,,,,,,,,,
2499050917,406,1,2,50,38,v046no35g7ebk8lytdjmfb43,1,39.5,74.8,2023-01-21T09:56:28.957Z,2023-01-21T09:56:31Z,3986760005,141,90.6,3986760001,56,Back,3986760009,213,2.2,3986760003,140,31.7,3986760007,212,13.5,,,,,,,,,,dhnssdf1iuorniavvla5zbwx6,K. Trewin,,,,,,,,,,,,,,,,,,,,,,,,,,,,,,,,,,
2499050921,407,1,2,50,42,v046no35g7ebk8lytdjmfb43,1,28.4,89.3,2023-01-21T09:56:32.429Z,2023-01-21T09:56:35Z,3986760031,140,36.9,3986760029,56,Back,3986760035,212,9.6,3986760037,213,0.4,3986760033,141,94.5,,,,,,,,,,ez47kkcz2wgypddldq97yz2dx,C. Chapman,,,,,,,,,,,,,,,,,,,,,,,,,,,,,,,,,,
2499273135,764,3,2,50,43,v046no35g7ebk8lytdjmfb43,1,39.2,92.2,2023-01-21T09:56:33.946Z,2023-01-21T16:28:42Z,3987914649,464,,3987914645,56,Back,3987987563,233,1059,3987914647,286,,,,,,,,,,,,,,abfwfqsv8o9xsnkor896869cl,J. O'Shea,,,,,,,,,,,,,,,,,,,,,,,,,,,,,,,,,,
2499272995,1059,45,2,50,43,c33jm806py6adse5wv9wx6ch1,0,60.8,7.8,2023-01-21T09:56:33.946Z,2023-01-21T16:28:43Z,3987913983,285,,3987987573,233,764,3987913981,56,Right,,,,,,,,,,,,,,,,c00r3yls3lf245nbo93m9d6cq,M. Tilio,,,,,,,,,,,,,,,,,,,,,,,,,,,,,,,,,,
2499050925,408,61,2,50,44,v046no35g7ebk8lytdjmfb43,0,34.9,83.6,2023-01-21T09:56:34.925Z,2023-01-21T10:49:25Z,3986760045,56,Back,,,,,,,,,,,,,,,,,,,,,,abfwfqsv8o9xsnkor896869cl,J. O'Shea,,,,,,,,,,,,,,,,,,,,,,,,,,,,,,,,,,
2499050929,577,49,2,50,45,c33jm806py6adse5wv9wx6ch1,1,69.9,36.9,2023-01-21T09:56:35.822Z,2023-01-21T09:56:35Z,,,,,,,,,,,,,,,,,,,,,,,,,7q8urr40blud747zzb3io8w5x,R. van der Venne,,,,,,,,,,,,,,,,,,,,,,,,,,,,,,,,,,
2499050937,578,1,2,50,48,c33jm806py6adse5wv9wx6ch1,1,75.7,45.1,2023-01-21T09:56:38.862Z,2023-01-21T16:19:32Z,3986761103,154,,3986760079,213,0.9,3986760073,140,85.6,3986760077,212,17.6,3986760075,141,66.0,3986760071,56,Center,3986761101,210,15,,,,7q8urr40blud747zzb3io8w5x,R. van der Venne,1,,,,,,,,,,,,,,,,,,,,,,,,,,,,,,,,,
2499050939,579,15,2,50,50,c33jm806py6adse5wv9wx6ch1,1,87.2,60,2023-01-21T09:56:40.702Z,2023-01-21T16:19:32Z,3987917351,78,,3986760085,22,,3986761133,233,409,3987917349,17,,3986761055,82,,3986761111,55,578,3986761121,146,90.2,3986760089,56,Center,7cdvlgpi8g3e8ttspzvr1k251,M. Leckie,,3986761109,154,,3986761051,20,3986761119,328,,3986761115,102,48.9,3986761123,147,3986761127,231,54.3,3986761125,230,3986761117,103,19,,57.4,99.4,3986761107,29,,,,,,,
2499050943,409,10,2,50,50,v046no35g7ebk8lytdjmfb43,1,10.6,39.5,2023-01-21T09:56:40.802Z,2023-01-21T09:58:23Z,3986761067,233,579,3986760107,56,Back,3986760105,94,,,,,,,,,,,,,,,,,7mgwfxva7w88k90jhjd1wx3o5,S. Neville,,,,,,,,,,,,,,,,,,,,,,,,,,,,,,,,,,
2499050949,580,1,2,50,53,c33jm806py6adse5wv9wx6ch1,1,62.4,86.5,2023-01-21T09:56:43.854Z,2023-01-21T09:56:48Z,3986760131,56,Left,3986760139,213,6.2,3986760135,141,84.2,3986760137,212,25.2,3986760133,140,86.4,,,,,,,,,,8wbljx8706rh6uyhf8eegl1w5,S. Jamieson,,,,,,,,,,,,,,,,,,,,,,,,,,,,,,,,,,
2499050953,581,1,2,50,58,c33jm806py6adse5wv9wx6ch1,0,93.3,76.9,2023-01-21T09:56:48.462Z,2023-01-21T16:20:09Z,3986760149,56,Center,3986760147,155,,3986760157,213,4.6,3987919151,386,,3986760153,141,74.6,3986760151,140,93.2,3987919153,72,,3986760155,212,1.6,7cdvlgpi8g3e8ttspzvr1k251,M. Leckie,,3986760145,2,,3987919149,225,,,,,,,,,,,,,,,,,,,,,,,,,,,,
2499050951,410,61,2,50,58,v046no35g7ebk8lytdjmfb43,1,6,26.5,2023-01-21T09:56:48.749Z,2023-01-21T09:56:48Z,3986760143,56,Back,,,,,,,,,,,,,,,,,,,,,,7mgwfxva7w88k90jhjd1wx3o5,S. Neville,,,,,,,,,,,,,,,,,,,,,,,,,,,,,,,,,,
2499050959,582,61,2,50,59,c33jm806py6adse5wv9wx6ch1,1,91.3,61.4,2023-01-21T09:56:49.854Z,2023-01-21T16:20:23Z,3986760169,56,Center,,,,,,,,,,,,,,,,,,,,,,8wbljx8706rh6uyhf8eegl1w5,S. Jamieson,,,,,,,,,,,,,,,,,,,,,,,,,,,,,,,,,,
2499050957,411,44,2,51,1,v046no35g7ebk8lytdjmfb43,1,29.8,53.2,2023-01-21T09:56:50.996Z,2023-01-21T10:03:08Z,3986760167,285,,3986760165,56,Back,3986763041,233,660,,,,,,,,,,,,,,,,bhl2kwvi52osrdsdnbtw45lyi,J. Courtney-Perkins,,,,,,,,,,,,,,,,,,,,,,,,,,,,,,,,,,
2499051473,660,44,2,51,1,c33jm806py6adse5wv9wx6ch1,0,70.2,46.8,2023-01-21T09:56:50.997Z,2023-01-21T10:44:45Z,3986763049,286,,3986763037,56,Center,3986763045,233,411,,,,,,,,,,,,,,,,c00r3yls3lf245nbo93m9d6cq,M. Tilio,,,,,,,,,,,,,,,,,,,,,,,,,,,,,,,,,,
2499050961,412,12,2,51,1,v046no35g7ebk8lytdjmfb43,1,9.2,56.6,2023-01-21T09:56:51.629Z,2023-01-21T09:56:52Z,3986760181,213,5.9,3986760179,212,3.8,3986760175,140,12.6,3986760177,141,54.6,3986760183,15,,3986760173,56,Back,,,,,,,bhl2kwvi52osrdsdnbtw45lyi,J. Courtney-Perkins,,,,,,,,,,,,,,,,,,,,,,,,,,,,,,,,,,
2499051545,674,61,2,51,2,c33jm806py6adse5wv9wx6ch1,1,88.3,32,2023-01-21T09:56:52.605Z,2023-01-21T16:19:57Z,3986763449,56,Center,,,,,,,,,,,,,,,,,,,,,,c00r3yls3lf245nbo93m9d6cq,M. Tilio,,,,,,,,,,,,,,,,,,,,,,,,,,,,,,,,,,
2499050971,413,44,2,51,3,v046no35g7ebk8lytdjmfb43,1,14.2,56,2023-01-21T09:56:52.989Z,2023-01-21T10:03:34Z,3986760211,285,,3986763199,233,583,3986760209,56,Back,,,,,,,,,,,,,,,,abfwfqsv8o9xsnkor896869cl,J. O'Shea,,,,,,,,,,,,,,,,,,,,,,,,,,,,,,,,,,
2499050967,583,44,2,51,3,c33jm806py6adse5wv9wx6ch1,0,85.8,44,2023-01-21T09:56:52.990Z,2023-01-21T10:03:34Z,3986763207,233,413,3986760195,286,,3986760193,56,Center,,,,,,,,,,,,,,,,7q8urr40blud747zzb3io8w5x,R. van der Venne,,,,,,,,,,,,,,,,,,,,,,,,,,,,,,,,,,
2499050973,414,12,2,51,3,v046no35g7ebk8lytdjmfb43,1,14,54,2023-01-21T09:56:53.333Z,2023-01-21T17:24:03Z,3986760229,213,2.4,3986760227,212,2.8,3986760223,140,12.0,3986760221,56,Back,3986760225,141,56.7,3986760261,15,,,,,,,,abfwfqsv8o9xsnkor896869cl,J. O'Shea,,,,,,,,,,,,,,,,,,,,,,,,,,,,,,,,,,
2499050969,584,43,2,51,3,c33jm806py6adse5wv9wx6ch1,1,0,0,2023-01-21T09:56:53.725Z,2023-01-21T10:04:32Z,3986760201,140,89.8,3986760197,3,0,3986760205,212,4.4,3986760199,56,Center,3986763543,144,1,3986760207,213,0.1,3986760203,141,43.0,,,,7q8urr40blud747zzb3io8w5x,R. van der Venne,,,,,,,,,,,,,,,,,,,,,,,,,,,,,,,,,,
2499050975,415,12,2,51,5,v046no35g7ebk8lytdjmfb43,1,11.8,57,2023-01-21T09:56:55.693Z,2023-01-21T09:56:56Z,3986760241,212,16.4,3986760245,15,,3986760235,56,Back,3986760237,140,24.2,3986760243,213,5.6,3986760239,141,42.4,,,,,,,ez47kkcz2wgypddldq97yz2dx,C. Chapman,,,,,,,,,,,,,,,,,,,,,,,,,,,,,,,,,,
2499050977,585,1,2,51,6,c33jm806py6adse5wv9wx6ch1,1,68.3,45.1,2023-01-21T09:56:56.294Z,2023-01-21T10:04:38Z,3986760255,212,9.9,3986760251,140,71.2,3986760253,141,59.0,3986760257,213,1.3,3986760247,3,,3986760249,56,Center,,,,,,,bcytv86dp6kqrsosu6gck9q7d,A. O'Neill,,,,,,,,,,,,,,,,,,,,,,,,,,,,,,,,,,
2499050983,586,1,2,51,7,c33jm806py6adse5wv9wx6ch1,1,70.2,54.6,2023-01-21T09:56:57.613Z,2023-01-21T10:44:43Z,3986760275,56,Center,3986760279,141,25.8,3986760281,212,19.6,3986760283,213,4.7,3986760277,140,69.5,,,,,,,,,,446scvw0ckoxnvnsqcqocve1h,V. Berisha,,,,,,,,,,,,,,,,,,,,,,,,,,,,,,,,,,
2499050985,587,1,2,51,10,c33jm806py6adse5wv9wx6ch1,1,68.4,24.6,2023-01-21T09:57:00.221Z,2023-01-21T09:57:03Z,3986760297,141,16.4,3986760293,56,Right,3986760299,212,14.4,3986760301,213,5.9,3986760295,140,81.0,,,,,,,,,,cqoz8o1pse9uspkqvq3cmges5,S. Galloway,,,,,,,,,,,,,,,,,,,,,,,,,,,,,,,,,,
2499050991,588,1,2,51,13,c33jm806py6adse5wv9wx6ch1,1,76.3,17.9,2023-01-21T09:57:03.070Z,2023-01-21T09:57:05Z,3986760325,141,18.8,3986760321,56,Right,3986760329,213,3.1,3986760323,140,69.6,3986760327,212,7.1,,,,,,,,,,7q8urr40blud747zzb3io8w5x,R. van der Venne,,,,,,,,,,,,,,,,,,,,,,,,,,,,,,,,,,
2499050993,589,1,2,51,15,c33jm806py6adse5wv9wx6ch1,1,71.1,17.9,2023-01-21T09:57:05.134Z,2023-01-21T09:57:07Z,3986760347,213,1.3,3986760339,56,Center,3986760343,141,27.6,3986760341,140,73.0,3986760345,212,6.9,,,,,,,,,,cqoz8o1pse9uspkqvq3cmges5,S. Galloway,,,,,,,,,,,,,,,,,,,,,,,,,,,,,,,,,,
2499050997,590,1,2,51,17,c33jm806py6adse5wv9wx6ch1,1,73,27.6,2023-01-21T09:57:07.662Z,2023-01-21T09:57:09Z,3986760365,141,34.3,3986760361,56,Center,3986760363,140,57.7,3986760367,212,16.7,3986760369,213,2.9,,,,,,,,,,7q8urr40blud747zzb3io8w5x,R. van der Venne,,,,,,,,,,,,,,,,,,,,,,,,,,,,,,,,,,
2499051001,591,1,2,51,19,c33jm806py6adse5wv9wx6ch1,1,57.7,34.3,2023-01-21T09:57:09.278Z,2023-01-21T09:57:11Z,3986760379,140,57.4,3986760381,141,73.2,3986760385,213,1.6,3986760377,56,Center,3986760383,212,26.5,,,,,,,,,,bdo2grdx1mgm63gii3zar50id,T. Lam,,,,,,,,,,,,,,,,,,,,,,,,,,,,,,,,,,
2499051003,592,1,2,51,21,c33jm806py6adse5wv9wx6ch1,1,57.4,73.2,2023-01-21T09:57:11.325Z,2023-01-21T09:57:12Z,3986760409,213,0.7,3986760407,212,9.0,3986760403,140,64.1,3986760401,56,Left,3986760405,141,81.4,,,,,,,,,,dnpala3bol8svyc2awng6iv9x,C. Good,,,,,,,,,,,,,,,,,,,,,,,,,,,,,,,,,,
2499051009,593,1,2,51,22,c33jm806py6adse5wv9wx6ch1,1,64.1,81.4,2023-01-21T09:57:12.750Z,2023-01-21T09:57:14Z,3986760431,212,11.7,3986760425,56,Center,3986760429,141,64.3,3986760427,140,65.1,3986760433,213,4.8,,,,,,,,,,8wbljx8706rh6uyhf8eegl1w5,S. Jamieson,,,,,,,,,,,,,,,,,,,,,,,,,,,,,,,,,,
2499051011,594,1,2,51,24,c33jm806py6adse5wv9wx6ch1,0,65.1,64.3,2023-01-21T09:57:14.318Z,2023-01-21T09:57:17Z,3986760441,141,65.2,3986760445,213,0.1,3986760437,56,Center,3986760439,140,70.1,3986760443,212,5.3,,,,,,,,,,bcytv86dp6kqrsosu6gck9q7d,A. O'Neill,,,,,,,,,,,,,,,,,,,,,,,,,,,,,,,,,,
2499051013,416,49,2,51,25,v046no35g7ebk8lytdjmfb43,1,30.8,35.7,2023-01-21T09:57:15.229Z,2023-01-21T09:57:15Z,,,,,,,,,,,,,,,,,,,,,,,,,dhnssdf1iuorniavvla5zbwx6,K. Trewin,,,,,,,,,,,,,,,,,,,,,,,,,,,,,,,,,,
2499051015,417,1,2,51,26,v046no35g7ebk8lytdjmfb43,0,30,40.6,2023-01-21T09:57:16.621Z,2023-01-21T09:57:17Z,3986760455,212,11.1,3986760449,56,Back,3986760451,140,32.9,3986760453,141,56.3,3986760457,213,1.3,,,,,,,,,,dhnssdf1iuorniavvla5zbwx6,K. Trewin,,,,,,,,,,,,,,,,,,,,,,,,,,,,,,,,,,
2499051021,595,49,2,51,28,c33jm806py6adse5wv9wx6ch1,1,67.5,46.1,2023-01-21T09:57:18.271Z,2023-01-21T09:57:18Z,,,,,,,,,,,,,,,,,,,,,,,,,7q8urr40blud747zzb3io8w5x,R. van der Venne,,,,,,,,,,,,,,,,,,,,,,,,,,,,,,,,,,
2499051023,596,1,2,51,28,c33jm806py6adse5wv9wx6ch1,1,67.5,46.1,2023-01-21T09:57:18.718Z,2023-01-21T09:57:20Z,3986760481,141,48.7,3986760479,140,53.1,3986760485,213,3.0,3986760477,56,Center,3986760483,212,15.2,,,,,,,,,,7q8urr40blud747zzb3io8w5x,R. van der Venne,,,,,,,,,,,,,,,,,,,,,,,,,,,,,,,,,,
2499051027,597,1,2,51,30,c33jm806py6adse5wv9wx6ch1,1,53.1,48.7,2023-01-21T09:57:20.062Z,2023-01-21T09:57:23Z,3986760503,212,19.8,3986760499,140,61.9,3986760497,56,Center,3986760505,213,5.2,3986760501,141,23.0,,,,,,,,,,bdo2grdx1mgm63gii3zar50id,T. Lam,,,,,,,,,,,,,,,,,,,,,,,,,,,,,,,,,,
2499051031,598,1,2,51,33,c33jm806py6adse5wv9wx6ch1,1,66.1,21.8,2023-01-21T09:57:23.069Z,2023-01-21T09:57:25Z,3986760515,140,86.8,3986760519,212,23.4,3986760521,213,5.9,3986760517,141,9.2,3986760513,56,Right,,,,,,,,,,cqoz8o1pse9uspkqvq3cmges5,S. Galloway,,,,,,,,,,,,,,,,,,,,,,,,,,,,,,,,,,
2499051033,599,1,2,51,35,c33jm806py6adse5wv9wx6ch1,1,86.8,9.2,2023-01-21T09:57:25.182Z,2023-01-21T09:57:28Z,3986760551,140,71.0,3986760555,212,21.5,3986760549,56,Center,3986760557,213,2.5,3986760553,141,29.2,,,,,,,,,,c00r3yls3lf245nbo93m9d6cq,M. Tilio,,,,,,,,,,,,,,,,,,,,,,,,,,,,,,,,,,
2499051037,600,1,2,51,38,c33jm806py6adse5wv9wx6ch1,0,71,29.2,2023-01-21T09:57:28.318Z,2023-01-21T10:04:56Z,3986760577,213,0.8,3986760569,56,Center,3986760573,141,56.1,3986760571,140,88.0,3986760567,155,,3986760575,212,25.6,,,,,,,7q8urr40blud747zzb3io8w5x,R. van der Venne,,,,,,,,,,,,,,,,,,,,,,,,,,,,,,,,,,
2499051041,418,12,2,51,39,v046no35g7ebk8lytdjmfb43,1,9.4,45.5,2023-01-21T09:57:29.805Z,2023-01-21T09:57:31Z,3986760599,213,0.3,3986760593,140,30.4,3986760597,212,23.3,3986760595,141,56.6,3986760591,56,Back,3986760607,15,,,,,,,,7mgwfxva7w88k90jhjd1wx3o5,S. Neville,,,,,,,,,,,,,,,,,,,,,,,,,,,,,,,,,,
2499051045,601,44,2,51,42,c33jm806py6adse5wv9wx6ch1,1,67.2,41.4,2023-01-21T09:57:32.237Z,2023-01-21T09:57:33Z,3986760629,233,419,3986760617,286,,3986760615,56,Center,,,,,,,,,,,,,,,,bcytv86dp6kqrsosu6gck9q7d,A. O'Neill,,,,,,,,,,,,,,,,,,,,,,,,,,,,,,,,,,
2499051049,419,44,2,51,42,v046no35g7ebk8lytdjmfb43,0,32.8,58.6,2023-01-21T09:57:32.238Z,2023-01-21T09:57:33Z,3986760633,233,601,3986760627,285,,3986760625,56,Back,,,,,,,,,,,,,,,,uyhh5u2ezau9f095symdh3sa,C. Armiento,,,,,,,,,,,,,,,,,,,,,,,,,,,,,,,,,,
2499051053,602,1,2,51,42,c33jm806py6adse5wv9wx6ch1,1,64.8,39.4,2023-01-21T09:57:32.574Z,2023-01-21T09:57:34Z,3986760641,3,,3986760651,213,1.1,3986760645,140,71.1,3986760647,141,57.2,3986760643,56,Center,3986760649,212,13.8,,,,,,,bcytv86dp6kqrsosu6gck9q7d,A. O'Neill,,,,,,,,,,,,,,,,,,,,,,,,,,,,,,,,,,
2499051055,603,61,2,51,44,c33jm806py6adse5wv9wx6ch1,0,71.1,57.2,2023-01-21T09:57:34.222Z,2023-01-21T09:57:34Z,3986760655,56,Center,,,,,,,,,,,,,,,,,,,,,,8wbljx8706rh6uyhf8eegl1w5,S. Jamieson,,,,,,,,,,,,,,,,,,,,,,,,,,,,,,,,,,
2499051057,420,49,2,51,44,v046no35g7ebk8lytdjmfb43,1,32.2,37.4,2023-01-21T09:57:34.798Z,2023-01-21T09:57:34Z,,,,,,,,,,,,,,,,,,,,,,,,,6jri9zzc1ccwcof95srv8h4pg,L. Zabala,,,,,,,,,,,,,,,,,,,,,,,,,,,,,,,,,,
2499051067,421,1,2,51,46,v046no35g7ebk8lytdjmfb43,0,32.2,31.8,2023-01-21T09:57:36.284Z,2023-01-21T09:57:39Z,3986760687,140,70.5,3986760695,1,,3986760691,212,42.5,3986760693,213,6.0,3986760689,141,11.7,3986760685,56,Right,,,,,,,6jri9zzc1ccwcof95srv8h4pg,L. Zabala,,,,,,,,,,,,,,,,,,,,,,,,,,,,,,,,,,
2499051065,604,49,2,51,49,c33jm806py6adse5wv9wx6ch1,1,27.9,90.5,2023-01-21T09:57:39.646Z,2023-01-21T09:57:39Z,,,,,,,,,,,,,,,,,,,,,,,,,dnpala3bol8svyc2awng6iv9x,C. Good,,,,,,,,,,,,,,,,,,,,,,,,,,,,,,,,,,
2499051071,605,1,2,51,50,c33jm806py6adse5wv9wx6ch1,1,30,88.6,2023-01-21T09:57:40.398Z,2023-01-21T09:57:43Z,3986760715,212,25.7,3986760711,140,12.6,3986760713,141,62.0,3986760717,213,3.9,3986760709,56,Back,,,,,,,,,,dnpala3bol8svyc2awng6iv9x,C. Good,,,,,,,,,,,,,,,,,,,,,,,,,,,,,,,,,,
2499051075,606,1,2,51,53,c33jm806py6adse5wv9wx6ch1,1,11.6,58.8,2023-01-21T09:57:43.310Z,2023-01-21T09:57:45Z,3986760739,56,Back,3986760743,141,64.2,3986760747,213,0.2,3986760745,212,18.7,3986760741,140,29.1,,,,,,,,,,77gcx1qotysu9hbi2hw2gjsvd,T. Glover,,,,,,,,,,,,,,,,,,,,,,,,,,,,,,,,,,
2499051081,607,1,2,51,55,c33jm806py6adse5wv9wx6ch1,1,29,64,2023-01-21T09:57:45.854Z,2023-01-21T09:57:48Z,3986760763,141,77.8,3986760767,213,0.7,3986760765,212,13.8,3986760761,140,38.6,3986760759,56,Back,,,,,,,,,,bcytv86dp6kqrsosu6gck9q7d,A. O'Neill,,,,,,,,,,,,,,,,,,,,,,,,,,,,,,,,,,
2499051085,608,1,2,51,58,c33jm806py6adse5wv9wx6ch1,1,38.6,76.7,2023-01-21T09:57:48.382Z,2023-01-21T09:57:51Z,3986760793,213,0.7,3986760789,141,97.7,3986760785,56,Left,3986760787,140,53.2,3986760791,212,21.0,,,,,,,,,,8wbljx8706rh6uyhf8eegl1w5,S. Jamieson,,,,,,,,,,,,,,,,,,,,,,,,,,,,,,,,,,
2499051091,609,1,2,52,1,c33jm806py6adse5wv9wx6ch1,1,52.3,93.9,2023-01-21T09:57:51.197Z,2023-01-21T09:57:56Z,3986760823,56,Back,3986760827,141,79.7,3986760829,212,15.2,3986760831,213,3.8,3986760825,140,41.1,,,,,,,,,,7cdvlgpi8g3e8ttspzvr1k251,M. Leckie,,,,,,,,,,,,,,,,,,,,,,,,,,,,,,,,,,
2499051097,610,1,2,52,6,c33jm806py6adse5wv9wx6ch1,1,41.6,77.6,2023-01-21T09:57:56.445Z,2023-01-21T09:58:00Z,3986760847,56,Center,3986760857,213,0.0,3986760849,140,60.3,3986760855,212,19.6,3986760851,141,77.8,,,,,,,,,,8wbljx8706rh6uyhf8eegl1w5,S. Jamieson,,,,,,,,,,,,,,,,,,,,,,,,,,,,,,,,,,
2499051099,611,1,2,52,10,c33jm806py6adse5wv9wx6ch1,1,58.6,64.6,2023-01-21T09:58:00.798Z,2023-01-21T09:58:03Z,3986760883,213,4.7,3986760877,140,58.1,3986760875,56,Center,3986760879,141,33.3,3986760881,212,21.3,,,,,,,,,,7cdvlgpi8g3e8ttspzvr1k251,M. Leckie,,,,,,,,,,,,,,,,,,,,,,,,,,,,,,,,,,
2499051105,612,1,2,52,13,c33jm806py6adse5wv9wx6ch1,1,59.3,32.4,2023-01-21T09:58:03.406Z,2023-01-21T09:58:07Z,3986760907,141,9.4,3986760911,213,5.3,3986760903,140,68.8,3986760909,212,18.6,3986760901,56,Right,,,,,,,,,,7q8urr40blud747zzb3io8w5x,R. van der Venne,,,,,,,,,,,,,,,,,,,,,,,,,,,,,,,,,,
2499051109,613,1,2,52,17,c33jm806py6adse5wv9wx6ch1,1,70.6,17.4,2023-01-21T09:58:07.310Z,2023-01-21T09:58:09Z,3986760923,141,41.8,3986760919,56,Center,3986760927,213,1.5,3986760925,212,16.6,3986760921,140,71.1,,,,,,,,,,cqoz8o1pse9uspkqvq3cmges5,S. Galloway,,,,,,,,,,,,,,,,,,,,,,,,,,,,,,,,,,
2499051111,614,1,2,52,19,c33jm806py6adse5wv9wx6ch1,1,71.1,41.8,2023-01-21T09:58:09.469Z,2023-01-21T09:58:12Z,3986760943,56,Left,3986760947,141,79.1,3986760949,212,25.4,3986760945,140,72.9,3986760951,213,1.5,,,,,,,,,,7q8urr40blud747zzb3io8w5x,R. van der Venne,,,,,,,,,,,,,,,,,,,,,,,,,,,,,,,,,,
2499051115,615,1,2,52,22,c33jm806py6adse5wv9wx6ch1,1,72.9,79.1,2023-01-21T09:58:12.445Z,2023-01-21T09:58:14Z,3986760963,141,76.6,3986760967,213,6.2,3986760965,212,16.9,3986760959,56,Center,3986760961,140,88.9,,,,,,,,,,8wbljx8706rh6uyhf8eegl1w5,S. Jamieson,,,,,,,,,,,,,,,,,,,,,,,,,,,,,,,,,,
2499051119,616,1,2,52,24,c33jm806py6adse5wv9wx6ch1,0,88.4,76.4,2023-01-21T09:58:14.765Z,2023-01-21T16:21:21Z,3986760985,141,74.7,3986760989,212,1.2,3986760981,56,Center,3986760991,213,4.8,3986760983,140,88.5,,,,,,,,,,446scvw0ckoxnvnsqcqocve1h,V. Berisha,,,,,,,,,,,,,,,,,,,,,,,,,,,,,,,,,,
2499051117,422,61,2,52,25,v046no35g7ebk8lytdjmfb43,1,7.6,27,2023-01-21T09:58:15.086Z,2023-01-21T09:58:15Z,3986760975,56,Back,,,,,,,,,,,,,,,,,,,,,,7mgwfxva7w88k90jhjd1wx3o5,S. Neville,,,,,,,,,,,,,,,,,,,,,,,,,,,,,,,,,,
2499051121,423,6,2,52,26,v046no35g7ebk8lytdjmfb43,0,5.4,28.1,2023-01-21T09:58:16.062Z,2023-01-21T16:21:29Z,3986760997,73,,3986760993,56,Back,3986761011,233,617,,,,,,,,,,,,,,,,7mgwfxva7w88k90jhjd1wx3o5,S. Neville,,,,,,,,,,,,,,,,,,,,,,,,,,,,,,,,,,
2499051123,617,6,2,52,26,c33jm806py6adse5wv9wx6ch1,1,94.6,71.9,2023-01-21T09:58:16.062Z,2023-01-21T09:58:17Z,3986761001,73,,3986760999,56,Center,3986761003,233,423,,,,,,,,,,,,,,,,446scvw0ckoxnvnsqcqocve1h,V. Berisha,,,,,,,,,,,,,,,,,,,,,,,,,,,,,,,,,,
2499051145,618,1,2,52,51,c33jm806py6adse5wv9wx6ch1,1,99.5,99.5,2023-01-21T09:58:41.294Z,2023-01-21T16:21:32Z,3986761191,223,,3986761195,140,92.6,3986761197,141,52.2,3986761193,56,Center,3986761189,155,,3986761185,2,,3986761203,1,,3987933893,20,,446scvw0ckoxnvnsqcqocve1h,V. Berisha,,3986761201,213,4.5,3986761199,212,3986761187,6,,,,,,,,,,,,,,,33.0,,,,,,,,,,,
2499051147,619,61,2,52,54,c33jm806py6adse5wv9wx6ch1,1,92.6,52.2,2023-01-21T09:58:44.873Z,2023-01-21T10:04:14Z,3986761207,56,Center,,,,,,,,,,,,,,,,,,,,,,dnpala3bol8svyc2awng6iv9x,C. Good,,,,,,,,,,,,,,,,,,,,,,,,,,,,,,,,,,
2499051151,424,12,2,52,55,v046no35g7ebk8lytdjmfb43,1,1.7,47.2,2023-01-21T09:58:45.676Z,2023-01-21T10:49:09Z,3986761231,141,15.3,3986761229,140,14.3,3986761235,213,5.3,3986761233,212,25.4,3986761227,56,Back,,,,,,,,,,abfwfqsv8o9xsnkor896869cl,J. O'Shea,,,,,,,,,,,,,,,,,,,,,,,,,,,,,,,,,,
2499051149,620,1,2,52,58,c33jm806py6adse5wv9wx6ch1,0,88,89.4,2023-01-21T09:58:48.749Z,2023-01-21T16:21:44Z,3986761249,233,425,3986761253,286,,3986761219,212,1.8,3986761209,2,,3987935625,224,,3986761215,140,88.4,3986761211,155,,3986761247,236,,7q8urr40blud747zzb3io8w5x,R. van der Venne,,3986761213,56,Left,3986761217,141,3987935627,72,,3986761221,213,5.0,,,,,,,,,,,86.9,,,,,,,,,,,
2499051155,425,12,2,52,58,v046no35g7ebk8lytdjmfb43,1,8,15.9,2023-01-21T09:58:48.849Z,2023-01-21T09:58:51Z,3986761243,185,,3986761245,56,Back,3986761255,233,620,,,,,,,,,,,,,,,,bhl2kwvi52osrdsdnbtw45lyi,J. Courtney-Perkins,,,,,,,,,,,,,,,,,,,,,,,,,,,,,,,,,,
2499051159,426,6,2,52,59,v046no35g7ebk8lytdjmfb43,0,9.8,14.5,2023-01-21T09:58:49.853Z,2023-01-21T16:21:51Z,3986761267,56,Back,3986761275,233,621,3986761269,73,,,,,,,,,,,,,,,,,bhl2kwvi52osrdsdnbtw45lyi,J. Courtney-Perkins,,,,,,,,,,,,,,,,,,,,,,,,,,,,,,,,,,
2499051153,621,6,2,52,59,c33jm806py6adse5wv9wx6ch1,1,90.2,85.5,2023-01-21T09:58:49.853Z,2023-01-21T09:58:51Z,3986761237,56,Left,3986761239,73,,3986761271,233,426,,,,,,,,,,,,,,,,7q8urr40blud747zzb3io8w5x,R. van der Venne,,,,,,,,,,,,,,,,,,,,,,,,,,,,,,,,,,
2499051175,622,1,2,53,22,c33jm806py6adse5wv9wx6ch1,1,99.5,99.5,2023-01-21T09:59:12.397Z,2023-01-21T16:22:20Z,3986761385,223,,3986761381,6,,3986761383,155,,3986761387,56,Center,3986762043,154,,3986761391,141,59.3,3986761395,213,4.6,3986761393,212,27.6,446scvw0ckoxnvnsqcqocve1h,V. Berisha,1,3986761379,2,,3986761389,140,3986762041,210,14,3987937871,20,,,,,,,,,,,,95.6,,,,,,,,,,,
2499051177,623,14,2,53,22,c33jm806py6adse5wv9wx6ch1,1,95.6,59.3,2023-01-21T09:59:12.854Z,2023-01-21T16:22:20Z,3986762063,231,53.4,3986762047,74,,3986761405,56,Center,3986761819,15,,3986762059,103,39.9,3986761403,61,,3986762061,230,99.5,3986762053,55,622,bcytv86dp6kqrsosu6gck9q7d,A. O'Neill,,3986761817,25,,3986762057,102,3986762049,29,,3986762051,154,,3986761823,328,,,,,,,,,54.9,,,,,,,,,,,
2499051179,427,49,2,53,27,v046no35g7ebk8lytdjmfb43,1,10.1,76.7,2023-01-21T09:59:17.212Z,2023-01-21T09:59:17Z,,,,,,,,,,,,,,,,,,,,,,,,,dhnssdf1iuorniavvla5zbwx6,K. Trewin,,,,,,,,,,,,,,,,,,,,,,,,,,,,,,,,,,
2499051183,428,12,2,53,27,v046no35g7ebk8lytdjmfb43,1,11.9,76.7,2023-01-21T09:59:17.869Z,2023-01-21T16:22:27Z,3986761441,212,38.8,3986761437,140,45.0,3986761435,56,Back,3987941473,167,,3986761439,141,100.0,3986761443,213,0.5,,,,,,,dhnssdf1iuorniavvla5zbwx6,K. Trewin,,,,,,,,,,,,,,,,,,,,,,,,,,,,,,,,,,
2499051185,429,5,2,53,29,v046no35g7ebk8lytdjmfb43,0,47.6,101.6,2023-01-21T09:59:18.998Z,2023-01-21T09:59:29Z,3986761449,347,,3986761495,233,624,3986761447,56,Back,,,,,,,,,,,,,,,,dhnssdf1iuorniavvla5zbwx6,K. Trewin,,,,,,,,,,,,,,,,,,,,,,,,,,,,,,,,,,
2499051189,624,5,2,53,29,c33jm806py6adse5wv9wx6ch1,1,52.4,-1.6,2023-01-21T09:59:18.998Z,2023-01-21T10:02:02Z,3986761491,233,429,3986761487,56,Right,3986761489,347,,,,,,,,,,,,,,,,,dnpala3bol8svyc2awng6iv9x,C. Good,,,,,,,,,,,,,,,,,,,,,,,,,,,,,,,,,,
2499051195,625,1,2,53,50,c33jm806py6adse5wv9wx6ch1,1,42.6,0,2023-01-21T09:59:40.093Z,2023-01-21T16:24:26Z,3986761537,141,5.8,3986761533,56,Back,3986761539,212,6.2,3986761541,213,1.0,3986761531,107,,3987957835,189,,3986761535,140,45.6,,,,cqoz8o1pse9uspkqvq3cmges5,S. Galloway,,,,,,,,,,,,,,,,,,,,,,,,,,,,,,,,,,
2499051199,626,1,2,53,51,c33jm806py6adse5wv9wx6ch1,1,46.2,5.8,2023-01-21T09:59:41.742Z,2023-01-21T16:24:39Z,3986761565,212,3.4,3986761561,140,43.9,3987959565,189,,3986761563,141,2.3,3986761567,213,3.9,3986761559,56,Back,,,,,,,c00r3yls3lf245nbo93m9d6cq,M. Tilio,,,,,,,,,,,,,,,,,,,,,,,,,,,,,,,,,,
2499051201,627,3,2,53,52,c33jm806py6adse5wv9wx6ch1,0,44,2.5,2023-01-21T09:59:42.637Z,2023-01-21T16:24:40Z,3986761573,286,,3986761571,56,Back,3986761575,211,,3987959741,464,,,,,,,,,,,,,,cqoz8o1pse9uspkqvq3cmges5,S. Galloway,,,,,,,,,,,,,,,,,,,,,,,,,,,,,,,,,,
2499051203,430,49,2,53,53,v046no35g7ebk8lytdjmfb43,1,35.6,96.9,2023-01-21T09:59:43.148Z,2023-01-21T09:59:43Z,,,,,,,,,,,,,,,,,,,,,,,,,dhnssdf1iuorniavvla5zbwx6,K. Trewin,,,,,,,,,,,,,,,,,,,,,,,,,,,,,,,,,,
2499051209,431,1,2,53,53,v046no35g7ebk8lytdjmfb43,0,35.6,96.9,2023-01-21T09:59:43.406Z,2023-01-21T09:59:44Z,3986761591,212,6.2,3986761583,155,,3986761587,140,41.5,3986761585,56,Back,3986761589,141,97.1,3986761593,213,0.0,,,,,,,dhnssdf1iuorniavvla5zbwx6,K. Trewin,,,,,,,,,,,,,,,,,,,,,,,,,,,,,,,,,,
2499051205,628,61,2,53,53,c33jm806py6adse5wv9wx6ch1,1,54.7,3.1,2023-01-21T09:59:43.721Z,2023-01-21T09:59:43Z,3986761577,56,Right,,,,,,,,,,,,,,,,,,,,,,cqoz8o1pse9uspkqvq3cmges5,S. Galloway,,,,,,,,,,,,,,,,,,,,,,,,,,,,,,,,,,
2499051215,432,5,2,53,54,v046no35g7ebk8lytdjmfb43,1,44.8,101.2,2023-01-21T09:59:44.190Z,2023-01-21T10:02:02Z,3986761625,56,Back,3986761633,233,629,3986761627,347,,,,,,,,,,,,,,,,,dhnssdf1iuorniavvla5zbwx6,K. Trewin,,,,,,,,,,,,,,,,,,,,,,,,,,,,,,,,,,
2499051211,629,5,2,53,54,c33jm806py6adse5wv9wx6ch1,0,55.2,-1.2,2023-01-21T09:59:44.190Z,2023-01-21T09:59:56Z,3986761595,56,Right,3986761637,233,432,3986761597,347,,,,,,,,,,,,,,,,,cqoz8o1pse9uspkqvq3cmges5,S. Galloway,,,,,,,,,,,,,,,,,,,,,,,,,,,,,,,,,,
2499051219,433,1,2,54,5,v046no35g7ebk8lytdjmfb43,0,53.4,100,2023-01-21T09:59:55.644Z,2023-01-21T09:59:56Z,3986761641,107,,3986761651,213,6.1,3986761645,140,74.6,3986761647,141,96.2,3986761643,56,Left,3986761653,1,,3986761649,212,22.6,,,,bhl2kwvi52osrdsdnbtw45lyi,J. Courtney-Perkins,,,,,,,,,,,,,,,,,,,,,,,,,,,,,,,,,,
2499051223,630,1,2,54,7,c33jm806py6adse5wv9wx6ch1,0,21.5,5.3,2023-01-21T09:59:57.053Z,2023-01-21T09:59:59Z,3986761675,213,0.0,3986761671,141,5.5,3986761667,56,Back,3986761665,3,,3986761673,212,8.1,3986761669,140,29.2,,,,,,,bdo2grdx1mgm63gii3zar50id,T. Lam,,,,,,,,,,,,,,,,,,,,,,,,,,,,,,,,,,
2499051229,434,1,2,54,8,v046no35g7ebk8lytdjmfb43,0,65.9,93.6,2023-01-21T09:59:58.396Z,2023-01-21T10:00:00Z,3986761699,141,94.2,3986761701,212,13.0,3986761697,140,78.3,3986761693,3,,3986761695,56,Left,3986761703,213,0.0,,,,,,,uyhh5u2ezau9f095symdh3sa,C. Armiento,,,,,,,,,,,,,,,,,,,,,,,,,,,,,,,,,,
2499051231,631,49,2,54,10,c33jm806py6adse5wv9wx6ch1,1,18.5,2.9,2023-01-21T10:00:00.398Z,2023-01-21T10:00:00Z,,,,,,,,,,,,,,,,,,,,,,,,,bdo2grdx1mgm63gii3zar50id,T. Lam,,,,,,,,,,,,,,,,,,,,,,,,,,,,,,,,,,
2499051233,632,1,2,54,11,c33jm806py6adse5wv9wx6ch1,0,18.5,2.9,2023-01-21T10:00:01.518Z,2023-01-21T10:00:03Z,3986761719,213,0.3,3986761713,140,37.6,3986761721,1,,3986761709,157,,3986761717,212,21.0,3986761715,141,12.2,3986761711,56,Back,,,,bdo2grdx1mgm63gii3zar50id,T. Lam,,,,,,,,,,,,,,,,,,,,,,,,,,,,,,,,,,
2499051235,435,49,2,54,13,v046no35g7ebk8lytdjmfb43,1,58.5,88.1,2023-01-21T10:00:03.868Z,2023-01-21T10:00:03Z,,,,,,,,,,,,,,,,,,,,,,,,,abfwfqsv8o9xsnkor896869cl,J. O'Shea,,,,,,,,,,,,,,,,,,,,,,,,,,,,,,,,,,
2499051239,436,1,2,54,14,v046no35g7ebk8lytdjmfb43,1,56.1,81.8,2023-01-21T10:00:04.924Z,2023-01-21T10:00:07Z,3986761749,212,19.2,3986761743,56,Back,3986761747,141,66.0,3986761745,140,40.9,3986761751,213,3.7,,,,,,,,,,abfwfqsv8o9xsnkor896869cl,J. O'Shea,,,,,,,,,,,,,,,,,,,,,,,,,,,,,,,,,,
2499051241,437,1,2,54,17,v046no35g7ebk8lytdjmfb43,1,38.7,62.7,2023-01-21T10:00:07.790Z,2023-01-21T10:00:10Z,3986761761,155,,3986761773,1,,3986761765,140,64.6,3986761771,213,5.4,3986761767,141,16.1,3986761763,56,Right,3986761769,212,41.8,,,,3zl5ec82f8zebkxkfdz16e3th,T. Aldred,,,,,,,,,,,,,,,,,,,,,,,,,,,,,,,,,,
2499051247,438,44,2,54,20,v046no35g7ebk8lytdjmfb43,1,66.2,14.3,2023-01-21T10:00:10.556Z,2023-01-21T10:00:12Z,3986761785,56,Right,3986761789,233,633,3986761787,286,,,,,,,,,,,,,,,,,4gn22fnshsmgxyayuj2p77v85,J. Hingert,,,,,,,,,,,,,,,,,,,,,,,,,,,,,,,,,,
2499051243,633,44,2,54,20,c33jm806py6adse5wv9wx6ch1,0,33.8,85.7,2023-01-21T10:00:10.557Z,2023-01-21T10:00:12Z,3986761777,56,Back,3986761793,233,438,3986761779,285,,,,,,,,,,,,,,,,,8wbljx8706rh6uyhf8eegl1w5,S. Jamieson,,,,,,,,,,,,,,,,,,,,,,,,,,,,,,,,,,
2499051249,439,1,2,54,21,v046no35g7ebk8lytdjmfb43,0,64.6,16.1,2023-01-21T10:00:11.316Z,2023-01-21T10:00:15Z,3986761803,141,28.9,3986761797,3,,3986761807,213,1.1,3986761799,56,Center,3986761805,212,9.9,3986761801,140,69.1,,,,,,,4gn22fnshsmgxyayuj2p77v85,J. Hingert,,,,,,,,,,,,,,,,,,,,,,,,,,,,,,,,,,
2499051253,634,1,2,54,23,c33jm806py6adse5wv9wx6ch1,1,29.4,76,2023-01-21T10:00:13.581Z,2023-01-21T10:00:15Z,3986761833,140,42.6,3986761837,212,16.9,3986761835,141,90.2,3986761829,3,,3986761839,213,0.6,3986761831,56,Back,,,,,,,446scvw0ckoxnvnsqcqocve1h,V. Berisha,,,,,,,,,,,,,,,,,,,,,,,,,,,,,,,,,,
2499051255,635,49,2,54,25,c33jm806py6adse5wv9wx6ch1,1,42.6,90.9,2023-01-21T10:00:15.662Z,2023-01-21T10:00:16Z,,,,,,,,,,,,,,,,,,,,,,,,,7cdvlgpi8g3e8ttspzvr1k251,M. Leckie,,,,,,,,,,,,,,,,,,,,,,,,,,,,,,,,,,
2499051259,636,1,2,54,28,c33jm806py6adse5wv9wx6ch1,1,49.7,98.3,2023-01-21T10:00:18.797Z,2023-01-21T10:00:22Z,3986761869,212,11.5,3986761865,140,39.4,3986761871,213,3.5,3986761867,141,92.4,3986761863,56,Back,,,,,,,,,,7cdvlgpi8g3e8ttspzvr1k251,M. Leckie,,,,,,,,,,,,,,,,,,,,,,,,,,,,,,,,,,
2499051263,637,1,2,54,34,c33jm806py6adse5wv9wx6ch1,1,37.8,87.8,2023-01-21T10:00:24.604Z,2023-01-21T16:25:16Z,3986761891,140,36.0,3986761895,212,47.5,3986761897,213,4.7,3986761893,141,18.0,3986761889,56,Back,3987963807,155,,3986761899,1,,3986761887,196,,446scvw0ckoxnvnsqcqocve1h,V. Berisha,,,,,,,,,,,,,,,,,,,,,,,,,,,,,,,,,,
2499051265,440,45,2,54,35,v046no35g7ebk8lytdjmfb43,0,60,78.5,2023-01-21T10:00:25.821Z,2023-01-21T10:00:32Z,3986761905,285,,3986761903,56,Center,3986761933,233,638,,,,,,,,,,,,,,,,bhl2kwvi52osrdsdnbtw45lyi,J. Courtney-Perkins,,,,,,,,,,,,,,,,,,,,,,,,,,,,,,,,,,
2499051271,638,3,2,54,35,c33jm806py6adse5wv9wx6ch1,1,40,21.5,2023-01-21T10:00:25.821Z,2023-01-21T16:25:21Z,3986761929,233,440,3987964433,465,,3986761925,56,Back,3986761927,286,,,,,,,,,,,,,,cqoz8o1pse9uspkqvq3cmges5,S. Galloway,,,,,,,,,,,,,,,,,,,,,,,,,,,,,,,,,,
2499051273,639,1,2,54,41,c33jm806py6adse5wv9wx6ch1,1,61.9,31.9,2023-01-21T10:00:31.405Z,2023-01-21T10:00:32Z,3986761943,56,Center,3986761947,141,22.4,3986761949,212,13.7,3986761945,140,73.4,3986761951,213,5.8,,,,,,,,,,cqoz8o1pse9uspkqvq3cmges5,S. Galloway,,,,,,,,,,,,,,,,,,,,,,,,,,,,,,,,,,
2499051277,640,1,2,54,42,c33jm806py6adse5wv9wx6ch1,1,73.4,22.4,2023-01-21T10:00:32.525Z,2023-01-21T10:00:34Z,3986761967,213,6.2,3986761963,141,18.9,3986761959,56,Right,3986761961,140,95.6,3986761965,212,23.4,,,,,,,,,,7q8urr40blud747zzb3io8w5x,R. van der Venne,,,,,,,,,,,,,,,,,,,,,,,,,,,,,,,,,,
2499051279,641,1,2,54,44,c33jm806py6adse5wv9wx6ch1,0,95.6,18.9,2023-01-21T10:00:34.813Z,2023-01-21T16:25:29Z,3986761979,56,Center,3986761987,213,1.6,3986761977,155,,3986761983,141,51.6,3986761981,140,94.2,3986761985,212,22.3,3986761975,2,,3987965409,20,,c00r3yls3lf245nbo93m9d6cq,M. Tilio,,3987965407,224,,,,,,,,,,,,,,,,,,,,,,,,,,,,,,,
2499051283,441,12,2,54,47,v046no35g7ebk8lytdjmfb43,1,4.8,50,2023-01-21T10:00:37.388Z,2023-01-21T10:00:40Z,3986762005,213,1.3,3986761997,56,Back,3986762001,141,80.5,3986761999,140,9.5,3986762003,212,21.3,3986762007,15,,,,,,,,7mgwfxva7w88k90jhjd1wx3o5,S. Neville,,,,,,,,,,,,,,,,,,,,,,,,,,,,,,,,,,
2499051287,642,2,2,54,52,c33jm806py6adse5wv9wx6ch1,1,79.5,17,2023-01-21T10:00:42.238Z,2023-01-21T16:25:46Z,3986762025,140,87.9,3987967493,223,,3986762183,2,,3986762181,7,7cdvlgpi8g3e8ttspzvr1k251,3987967495,72,,3986762027,141,61.4,3986762023,56,Center,,,,c00r3yls3lf245nbo93m9d6cq,M. Tilio,,,,,,,,,,,,,,,,,,,,,,,,,,,,,,,,,,
2499051293,443,55,2,54,52,v046no35g7ebk8lytdjmfb43,1,10.3,55.5,2023-01-21T10:00:42.239Z,2023-01-21T16:25:50Z,,,,,,,,,,,,,,,,,,,,,,,,,3zl5ec82f8zebkxkfdz16e3th,T. Aldred,,,,,,,,,,,,,,,,,,,,,,,,,,,,,,,,,,
2499051289,643,43,2,54,56,c33jm806py6adse5wv9wx6ch1,1,0,0,2023-01-21T10:00:46.550Z,2023-01-21T10:01:05Z,3986762037,346,0,3986762075,233,443,3986762035,56,Center,3986762189,144,5,,,,,,,,,,,,,c00r3yls3lf245nbo93m9d6cq,M. Tilio,,,,,,,,,,,,,,,,,,,,,,,,,,,,,,,,,,
2499051291,442,43,2,54,57,v046no35g7ebk8lytdjmfb43,1,0,0,2023-01-21T10:00:47.468Z,2023-01-21T10:00:54Z,3986762039,56,Back,3986762099,144,56,,,,,,,,,,,,,,,,,,,4gn22fnshsmgxyayuj2p77v85,J. Hingert,,,,,,,,,,,,,,,,,,,,,,,,,,,,,,,,,,
2499051337,444,1,2,55,25,v046no35g7ebk8lytdjmfb43,0,9.4,27.4,2023-01-21T10:01:15.709Z,2023-01-21T10:01:18Z,3986762251,212,64.4,3986762241,157,,3986762255,1,,3986762245,56,Center,3986762249,141,28.6,3986762247,140,70.7,3986762239,5,,3986762253,213,0.0,cb0y1hi0ozn1rx00vx6a1xr6x,J. Holmes,,3986762243,241,,,,,,,,,,,,,,,,,,,,,,,,,,,,,,,
2499051339,644,1,2,55,28,c33jm806py6adse5wv9wx6ch1,0,30,78.7,2023-01-21T10:01:18.349Z,2023-01-21T10:01:21Z,3986762273,213,5.8,3986762265,56,Back,3986762269,141,64.3,3986762263,3,,3986762271,212,19.9,3986762267,140,46.5,,,,,,,dnpala3bol8svyc2awng6iv9x,C. Good,,,,,,,,,,,,,,,,,,,,,,,,,,,,,,,,,,
2499051343,445,1,2,55,30,v046no35g7ebk8lytdjmfb43,1,53.6,34.5,2023-01-21T10:01:20.524Z,2023-01-21T10:01:23Z,3986762289,213,0.5,3986762279,3,,3986762287,212,12.4,3986762283,140,63.7,3986762281,56,Center,3986762285,141,43.9,,,,,,,dhnssdf1iuorniavvla5zbwx6,K. Trewin,,,,,,,,,,,,,,,,,,,,,,,,,,,,,,,,,,
2499051347,446,1,2,55,32,v046no35g7ebk8lytdjmfb43,0,66,48.5,2023-01-21T10:01:22.876Z,2023-01-21T10:01:24Z,3986762303,141,38.5,3986762307,213,5.7,3986762305,212,12.9,3986762299,56,Center,3986762301,140,76.4,,,,,,,,,,bhl2kwvi52osrdsdnbtw45lyi,J. Courtney-Perkins,,,,,,,,,,,,,,,,,,,,,,,,,,,,,,,,,,
2499051349,645,49,2,55,34,c33jm806py6adse5wv9wx6ch1,1,23.9,62.7,2023-01-21T10:01:24.732Z,2023-01-21T10:01:24Z,,,,,,,,,,,,,,,,,,,,,,,,,dnpala3bol8svyc2awng6iv9x,C. Good,,,,,,,,,,,,,,,,,,,,,,,,,,,,,,,,,,
2499051353,646,1,2,55,35,c33jm806py6adse5wv9wx6ch1,1,23.9,62.7,2023-01-21T10:01:25.148Z,2023-01-21T10:01:26Z,3986762325,141,78.1,3986762329,213,1.1,3986762321,56,Back,3986762323,140,28.6,3986762327,212,11.6,,,,,,,,,,dnpala3bol8svyc2awng6iv9x,C. Good,,,,,,,,,,,,,,,,,,,,,,,,,,,,,,,,,,
2499051359,647,1,2,55,36,c33jm806py6adse5wv9wx6ch1,1,28.6,78.1,2023-01-21T10:01:26.684Z,2023-01-21T10:01:31Z,3986762355,140,42.3,3986762359,212,14.4,3986762361,213,0.0,3986762353,56,Back,3986762357,141,78.2,,,,,,,,,,8wbljx8706rh6uyhf8eegl1w5,S. Jamieson,,,,,,,,,,,,,,,,,,,,,,,,,,,,,,,,,,
2499051361,447,45,2,55,41,v046no35g7ebk8lytdjmfb43,0,45.3,7.2,2023-01-21T10:01:31.390Z,2023-01-21T10:01:36Z,3986762395,233,648,3986762365,56,Back,3986762367,285,,,,,,,,,,,,,,,,,7mgwfxva7w88k90jhjd1wx3o5,S. Neville,,,,,,,,,,,,,,,,,,,,,,,,,,,,,,,,,,
2499051367,648,3,2,55,41,c33jm806py6adse5wv9wx6ch1,1,54.7,92.8,2023-01-21T10:01:31.390Z,2023-01-21T16:26:26Z,3986762385,286,,3986762391,233,447,3986762383,56,Left,3987972535,464,,,,,,,,,,,,,,7cdvlgpi8g3e8ttspzvr1k251,M. Leckie,,,,,,,,,,,,,,,,,,,,,,,,,,,,,,,,,,
2499051371,649,1,2,55,45,c33jm806py6adse5wv9wx6ch1,0,74.3,84.8,2023-01-21T10:01:35.868Z,2023-01-21T16:26:34Z,3986762407,2,,3986762419,213,5.1,3987973679,345,,3986762417,212,62.7,3986762409,155,,3986762421,1,,3986762413,140,95.6,3986762411,56,Right,7cdvlgpi8g3e8ttspzvr1k251,M. Leckie,,3987973377,224,,3986762415,141,3987973379,72,,,,,,,,,,,,,,,0.0,,,,,,,,,,,
2499051385,448,5,2,55,48,v046no35g7ebk8lytdjmfb43,1,7,101.5,2023-01-21T10:01:38.748Z,2023-01-21T10:01:57Z,3986762493,347,,3986762497,233,650,3986762491,56,Back,,,,,,,,,,,,,,,,3zl5ec82f8zebkxkfdz16e3th,T. Aldred,,,,,,,,,,,,,,,,,,,,,,,,,,,,,,,,,,
2499051375,650,5,2,55,48,c33jm806py6adse5wv9wx6ch1,0,93,-1.5,2023-01-21T10:01:38.748Z,2023-01-21T10:02:02Z,3986762501,233,448,3986762429,347,,3986762427,56,Right,,,,,,,,,,,,,,,,7cdvlgpi8g3e8ttspzvr1k251,M. Leckie,,,,,,,,,,,,,,,,,,,,,,,,,,,,,,,,,,
2499051393,449,1,2,56,12,v046no35g7ebk8lytdjmfb43,1,10.8,100,2023-01-21T10:02:02.667Z,2023-01-21T10:02:04Z,3986762533,140,25.5,3986762537,212,15.7,3986762529,107,,3986762535,141,96.8,3986762539,213,6.1,3986762531,56,Back,,,,,,,bhl2kwvi52osrdsdnbtw45lyi,J. Courtney-Perkins,,,,,,,,,,,,,,,,,,,,,,,,,,,,,,,,,,
2499051397,450,1,2,56,13,v046no35g7ebk8lytdjmfb43,1,26.6,96,2023-01-21T10:02:03.027Z,2023-01-21T10:08:03Z,3986762553,168,,3986762563,213,5.2,3986762557,140,31.3,3986762559,141,83.2,3986762555,56,Back,3986762561,212,10.0,3986762551,3,,,,,4s2umn33b5fo5zcpkwjcbry7d,J. Knowles,,,,,,,,,,,,,,,,,,,,,,,,,,,,,,,,,,
2499051401,451,1,2,56,14,v046no35g7ebk8lytdjmfb43,0,31.3,83,2023-01-21T10:02:04.447Z,2023-01-21T10:08:03Z,3986762581,213,6.2,3986762579,212,3.8,3986762575,140,34.9,3986762577,141,82.4,3986762573,56,Back,,,,,,,,,,abfwfqsv8o9xsnkor896869cl,J. O'Shea,,,,,,,,,,,,,,,,,,,,,,,,,,,,,,,,,,
2499051395,651,61,2,56,15,c33jm806py6adse5wv9wx6ch1,1,57.9,17,2023-01-21T10:02:05.244Z,2023-01-21T10:02:05Z,3986762547,56,Right,,,,,,,,,,,,,,,,,,,,,,bdo2grdx1mgm63gii3zar50id,T. Lam,,,,,,,,,,,,,,,,,,,,,,,,,,,,,,,,,,
2499051411,452,1,2,56,18,v046no35g7ebk8lytdjmfb43,1,34.9,66.9,2023-01-21T10:02:08.299Z,2023-01-21T10:02:13Z,3986762627,213,5.2,3986762619,56,Right,3986762623,141,13.2,3986762629,1,,3986762621,140,54.3,3986762625,212,41.8,,,,,,,6jri9zzc1ccwcof95srv8h4pg,L. Zabala,,,,,,,,,,,,,,,,,,,,,,,,,,,,,,,,,,
2499051415,453,1,2,56,23,v046no35g7ebk8lytdjmfb43,1,62.2,24.1,2023-01-21T10:02:13.307Z,2023-01-21T10:02:15Z,3986762641,56,Center,3986762645,141,30.1,3986762649,213,0.5,3986762647,212,8.3,3986762643,140,69.1,,,,,,,,,,4gn22fnshsmgxyayuj2p77v85,J. Hingert,,,,,,,,,,,,,,,,,,,,,,,,,,,,,,,,,,
2499051417,454,1,2,56,25,v046no35g7ebk8lytdjmfb43,1,73.5,30.7,2023-01-21T10:02:15.307Z,2023-01-21T10:02:16Z,3986762661,140,73.3,3986762659,56,Center,3986762665,212,12.3,3986762667,213,1.6,3986762663,141,48.8,,,,,,,,,,6jri9zzc1ccwcof95srv8h4pg,L. Zabala,,,,,,,,,,,,,,,,,,,,,,,,,,,,,,,,,,
2499051419,455,1,2,56,26,v046no35g7ebk8lytdjmfb43,1,73.4,49.9,2023-01-21T10:02:16.571Z,2023-01-21T10:02:17Z,3986762683,212,8.6,3986762677,56,Center,3986762685,213,6.0,3986762679,140,81.3,3986762681,141,46.3,,,,,,,,,,abfwfqsv8o9xsnkor896869cl,J. O'Shea,,,,,,,,,,,,,,,,,,,,,,,,,,,,,,,,,,
2499051421,456,3,2,56,27,v046no35g7ebk8lytdjmfb43,0,83.3,44.8,2023-01-21T10:02:17.275Z,2023-01-21T16:27:00Z,3986762689,56,Center,3986762703,233,652,3986762691,286,,3987976395,465,,,,,,,,,,,,,,uyhh5u2ezau9f095symdh3sa,C. Armiento,,,,,,,,,,,,,,,,,,,,,,,,,,,,,,,,,,
2499051423,652,7,2,56,27,c33jm806py6adse5wv9wx6ch1,0,16.7,55.2,2023-01-21T10:02:17.276Z,2023-01-21T16:27:10Z,3987977641,385,,3986762697,233,456,3986762693,56,Back,3986762695,285,,,,,,,,,,,,,,bdo2grdx1mgm63gii3zar50id,T. Lam,,,,,,,,,,,,,,,,,,,,,,,,,,,,,,,,,,
2499285335,765,61,2,56,27,v046no35g7ebk8lytdjmfb43,1,80.9,48.4,2023-01-21T10:02:17.570Z,2023-01-21T16:27:14Z,3987978189,56,Center,,,,,,,,,,,,,,,,,,,,,,uyhh5u2ezau9f095symdh3sa,C. Armiento,,,,,,,,,,,,,,,,,,,,,,,,,,,,,,,,,,
2499051425,653,49,2,56,28,c33jm806py6adse5wv9wx6ch1,1,14.7,56.7,2023-01-21T10:02:18.829Z,2023-01-21T10:02:19Z,,,,,,,,,,,,,,,,,,,,,,,,,bdo2grdx1mgm63gii3zar50id,T. Lam,,,,,,,,,,,,,,,,,,,,,,,,,,,,,,,,,,
2499051429,654,1,2,56,29,c33jm806py6adse5wv9wx6ch1,1,14.7,56.7,2023-01-21T10:02:19.020Z,2023-01-21T10:02:20Z,3986762713,141,61.7,3986762717,213,0.3,3986762709,56,Back,3986762715,212,12.9,3986762711,140,26.6,,,,,,,,,,bdo2grdx1mgm63gii3zar50id,T. Lam,,,,,,,,,,,,,,,,,,,,,,,,,,,,,,,,,,
2499051447,655,1,2,56,30,c33jm806py6adse5wv9wx6ch1,1,26.6,61.7,2023-01-21T10:02:20.396Z,2023-01-21T10:02:32Z,3986762777,212,24.8,3986762773,140,41.8,3986762779,213,0.9,3986762771,56,Back,3986762775,141,89.6,,,,,,,,,,7q8urr40blud747zzb3io8w5x,R. van der Venne,,,,,,,,,,,,,,,,,,,,,,,,,,,,,,,,,,
2499051451,656,1,2,56,42,c33jm806py6adse5wv9wx6ch1,1,55.5,61.5,2023-01-21T10:02:31.980Z,2023-01-21T10:02:35Z,3986762803,213,1.6,3986762795,56,Center,3986762797,140,55.2,3986762801,212,11.8,3986762799,141,78.8,,,,,,,,,,7cdvlgpi8g3e8ttspzvr1k251,M. Leckie,,,,,,,,,,,,,,,,,,,,,,,,,,,,,,,,,,
2499051455,657,1,2,56,45,c33jm806py6adse5wv9wx6ch1,1,55.2,78.8,2023-01-21T10:02:35.068Z,2023-01-21T10:02:36Z,3986762819,213,1.6,3986762811,56,Left,3986762815,141,95.9,3986762817,212,11.6,3986762813,140,55.2,,,,,,,,,,bcytv86dp6kqrsosu6gck9q7d,A. O'Neill,,,,,,,,,,,,,,,,,,,,,,,,,,,,,,,,,,
2499051459,658,1,2,56,46,c33jm806py6adse5wv9wx6ch1,1,55.2,95.9,2023-01-21T10:02:36.156Z,2023-01-21T10:02:44Z,3986762849,212,8.7,3986762847,141,93.9,3986762843,56,Left,3986762851,213,6.1,3986762845,140,63.4,,,,,,,,,,8wbljx8706rh6uyhf8eegl1w5,S. Jamieson,,,,,,,,,,,,,,,,,,,,,,,,,,,,,,,,,,
2499051469,659,1,2,56,51,c33jm806py6adse5wv9wx6ch1,1,63.5,86.9,2023-01-21T10:02:41.684Z,2023-01-21T10:04:02Z,3986762895,140,59.8,3986762899,212,4.1,3986762893,56,Left,3986762901,213,3.5,3986762897,141,84.8,,,,,,,,,,31v9w4cyk1fxlig452kuc65ed,J. Maclaren,,,,,,,,,,,,,,,,,,,,,,,,,,,,,,,,,,
2499051537,673,1,2,56,54,c33jm806py6adse5wv9wx6ch1,0,59.5,74.5,2023-01-21T10:02:44.204Z,2023-01-21T10:04:00Z,3986763323,152,,3986763333,213,6.1,3986763327,140,87.7,3986763329,141,66.1,3986763319,5,,3986763325,56,Center,3986763331,212,30.2,3986763321,155,,446scvw0ckoxnvnsqcqocve1h,V. Berisha,,,,,,,,,,,,,,,,,,,,,,,,,,,,,,,,,,
2499051465,457,12,2,56,57,v046no35g7ebk8lytdjmfb43,1,15.2,46.4,2023-01-21T10:02:47.755Z,2023-01-21T10:02:58Z,3986762885,213,4.6,3986762879,140,12.1,3986762881,141,10.9,3986762883,212,24.4,3986762877,56,Back,3986762887,15,,,,,,,,ez47kkcz2wgypddldq97yz2dx,C. Chapman,,,,,,,,,,,,,,,,,,,,,,,,,,,,,,,,,,
2499051467,458,49,2,57,0,v046no35g7ebk8lytdjmfb43,1,12.3,10.9,2023-01-21T10:02:49.964Z,2023-01-21T10:02:50Z,,,,,,,,,,,,,,,,,,,,,,,,,7mgwfxva7w88k90jhjd1wx3o5,S. Neville,,,,,,,,,,,,,,,,,,,,,,,,,,,,,,,,,,
2499051471,459,1,2,57,0,v046no35g7ebk8lytdjmfb43,1,12.3,10.9,2023-01-21T10:02:50.123Z,2023-01-21T10:02:51Z,3986762913,141,17.0,3986762917,213,0.3,3986762909,56,Back,3986762915,212,15.3,3986762911,140,26.3,,,,,,,,,,7mgwfxva7w88k90jhjd1wx3o5,S. Neville,,,,,,,,,,,,,,,,,,,,,,,,,,,,,,,,,,
2499051475,460,1,2,57,1,v046no35g7ebk8lytdjmfb43,0,27.5,14.4,2023-01-21T10:02:51.596Z,2023-01-21T10:02:54Z,3986762935,1,,3986762925,56,Right,3986762931,212,36.8,3986762929,141,18.0,3986762927,140,62.5,3986762933,213,0.1,3986762923,155,,,,,6jri9zzc1ccwcof95srv8h4pg,L. Zabala,,,,,,,,,,,,,,,,,,,,,,,,,,,,,,,,,,
2499051481,661,1,2,57,5,c33jm806py6adse5wv9wx6ch1,1,34.1,82.7,2023-01-21T10:02:54.988Z,2023-01-21T10:02:58Z,3986762961,140,42.9,3986762959,56,Back,3986762965,212,9.6,3986762967,213,0.3,3986762957,3,,3986762963,141,86.6,,,,,,,bdo2grdx1mgm63gii3zar50id,T. Lam,,,,,,,,,,,,,,,,,,,,,,,,,,,,,,,,,,
2499051483,662,49,2,57,8,c33jm806py6adse5wv9wx6ch1,1,42.9,86.6,2023-01-21T10:02:58.557Z,2023-01-21T10:02:58Z,,,,,,,,,,,,,,,,,,,,,,,,,dnpala3bol8svyc2awng6iv9x,C. Good,,,,,,,,,,,,,,,,,,,,,,,,,,,,,,,,,,
2499051489,663,1,2,57,8,c33jm806py6adse5wv9wx6ch1,1,42,85.9,2023-01-21T10:02:58.701Z,2023-01-21T16:27:40Z,3986763009,141,48.5,3986763005,56,Back,3986763013,213,4.4,3986763011,212,26.5,3986763007,140,34.8,,,,,,,,,,dnpala3bol8svyc2awng6iv9x,C. Good,,,,,,,,,,,,,,,,,,,,,,,,,,,,,,,,,,
2499051491,664,1,2,57,14,c33jm806py6adse5wv9wx6ch1,1,53.9,26.4,2023-01-21T10:03:04.156Z,2023-01-21T10:03:06Z,3986763029,213,5.2,3986763021,56,Right,3986763025,141,3.1,3986763027,212,18.1,3986763023,140,62.3,,,,,,,,,,cqoz8o1pse9uspkqvq3cmges5,S. Galloway,,,,,,,,,,,,,,,,,,,,,,,,,,,,,,,,,,
2499051493,665,1,2,57,16,c33jm806py6adse5wv9wx6ch1,1,62.5,3.8,2023-01-21T10:03:06.492Z,2023-01-21T10:03:11Z,3986763063,213,2.6,3986763057,140,34.7,3986763065,1,,3986763055,56,Back,3986763059,141,28.9,3986763061,212,33.8,,,,,,,c00r3yls3lf245nbo93m9d6cq,M. Tilio,,,,,,,,,,,,,,,,,,,,,,,,,,,,,,,,,,
2499051495,666,1,2,57,21,c33jm806py6adse5wv9wx6ch1,1,37.6,23.4,2023-01-21T10:03:11.291Z,2023-01-21T10:03:14Z,3986763075,140,53.2,3986763079,212,26.4,3986763081,213,0.9,3986763073,56,Center,3986763077,141,53.9,,,,,,,,,,bdo2grdx1mgm63gii3zar50id,T. Lam,,,,,,,,,,,,,,,,,,,,,,,,,,,,,,,,,,
2499051499,667,1,2,57,24,c33jm806py6adse5wv9wx6ch1,1,53.1,56.1,2023-01-21T10:03:14.204Z,2023-01-21T10:03:20Z,3986763113,213,1.2,3986763105,56,Left,3986763109,141,84.1,3986763111,212,20.8,3986763107,140,61.1,,,,,,,,,,8wbljx8706rh6uyhf8eegl1w5,S. Jamieson,,,,,,,,,,,,,,,,,,,,,,,,,,,,,,,,,,
2499051503,668,1,2,57,30,c33jm806py6adse5wv9wx6ch1,1,68.9,74.7,2023-01-21T10:03:20.716Z,2023-01-21T10:03:24Z,3986763133,212,15.5,3986763127,56,Left,3986763129,140,75.2,3986763135,213,1.1,3986763131,141,95.3,,,,,,,,,,446scvw0ckoxnvnsqcqocve1h,V. Berisha,,,,,,,,,,,,,,,,,,,,,,,,,,,,,,,,,,
2499051505,669,1,2,57,34,c33jm806py6adse5wv9wx6ch1,1,73.7,88.7,2023-01-21T10:03:24.348Z,2023-01-21T10:03:25Z,3986763149,212,6.9,3986763143,56,Left,3986763147,141,81.4,3986763145,140,69.2,3986763151,213,4.0,,,,,,,,,,7cdvlgpi8g3e8ttspzvr1k251,M. Leckie,,,,,,,,,,,,,,,,,,,,,,,,,,,,,,,,,,
2499051511,670,1,2,57,35,c33jm806py6adse5wv9wx6ch1,1,69.2,81.4,2023-01-21T10:03:25.484Z,2023-01-21T10:03:31Z,3986763175,141,94.7,3986763171,56,Left,3986763173,140,68.7,3986763177,212,9.1,3986763179,213,1.6,,,,,,,,,,446scvw0ckoxnvnsqcqocve1h,V. Berisha,,,,,,,,,,,,,,,,,,,,,,,,,,,,,,,,,,
2499051517,671,1,2,57,41,c33jm806py6adse5wv9wx6ch1,1,65.7,95,2023-01-21T10:03:31.740Z,2023-01-21T16:28:14Z,3986763217,212,19.8,3986763213,140,63.7,3986763219,213,4.6,3986763211,56,Center,3986763215,141,66.0,,,,,,,,,,7cdvlgpi8g3e8ttspzvr1k251,M. Leckie,,,,,,,,,,,,,,,,,,,,,,,,,,,,,,,,,,
2499051521,672,4,2,57,45,c33jm806py6adse5wv9wx6ch1,1,64,69.2,2023-01-21T10:03:35.324Z,2023-01-21T16:29:43Z,3986763229,56,Center,3986763233,265,,3986763235,286,,3986763225,13,,3986763231,152,,3986763255,233,461,,,,,,,bcytv86dp6kqrsosu6gck9q7d,A. O'Neill,,,,,,,,,,,,,,,,,,,,,,,,,,,,,,,,,,
2499051523,461,4,2,57,45,v046no35g7ebk8lytdjmfb43,0,36,30.8,2023-01-21T10:03:35.325Z,2023-01-21T10:03:38Z,3986763245,152,,3986763241,13,,3986763249,285,,3986763259,233,672,3986763243,56,Back,3986763247,265,,,,,,,,abfwfqsv8o9xsnkor896869cl,J. O'Shea,,,,,,,,,,,,,,,,,,,,,,,,,,,,,,,,,,
2499051547,675,1,2,58,21,c33jm806py6adse5wv9wx6ch1,0,68.4,67.9,2023-01-21T10:04:11.709Z,2023-01-21T10:04:32Z,3986763383,141,58.1,3986763377,155,,3986763387,213,6.0,3986763535,5,,3986763379,56,Center,3986763537,152,,3986763385,212,21.8,3986763381,140,88.2,446scvw0ckoxnvnsqcqocve1h,V. Berisha,,,,,,,,,,,,,,,,,,,,,,,,,,,,,,,,,,
2499051553,462,12,2,58,23,v046no35g7ebk8lytdjmfb43,1,8.7,44,2023-01-21T10:04:13.786Z,2023-01-21T10:04:43Z,3986763407,56,Back,3986763513,15,,3986763413,212,8.6,3986763409,140,11.2,3986763415,213,1.3,3986763411,141,56.1,,,,,,,7mgwfxva7w88k90jhjd1wx3o5,S. Neville,,,,,,,,,,,,,,,,,,,,,,,,,,,,,,,,,,
2499051575,463,12,2,58,25,v046no35g7ebk8lytdjmfb43,1,11.2,56.4,2023-01-21T10:04:15.051Z,2023-01-21T10:04:35Z,3986763499,56,Back,3986763503,141,44.5,3986763507,213,5.8,3986763505,212,16.4,3986763501,140,24.8,,,,,,,,,,bhl2kwvi52osrdsdnbtw45lyi,J. Courtney-Perkins,,,,,,,,,,,,,,,,,,,,,,,,,,,,,,,,,,
2499051561,676,1,2,58,26,c33jm806py6adse5wv9wx6ch1,1,70.5,47.5,2023-01-21T10:04:16.812Z,2023-01-21T10:04:19Z,3986763441,213,3.7,3986763435,140,55.7,3986763431,3,,3986763433,56,Center,3986763437,141,33.7,3986763439,212,18.2,,,,,,,bcytv86dp6kqrsosu6gck9q7d,A. O'Neill,,,,,,,,,,,,,,,,,,,,,,,,,,,,,,,,,,
2499051565,677,1,2,58,29,c33jm806py6adse5wv9wx6ch1,1,55.7,33.7,2023-01-21T10:04:19.691Z,2023-01-21T10:04:23Z,3986763455,56,Center,3986763461,212,10.2,3986763459,141,21.5,3986763463,213,5.3,3986763457,140,61.4,,,,,,,,,,cqoz8o1pse9uspkqvq3cmges5,S. Galloway,,,,,,,,,,,,,,,,,,,,,,,,,,,,,,,,,,
2499051571,678,1,2,58,33,c33jm806py6adse5wv9wx6ch1,1,61.4,21.5,2023-01-21T10:04:23.083Z,2023-01-21T16:30:17Z,3986763479,196,,3986763489,213,1.9,3986763487,212,53.2,3986763483,140,45.3,3986763481,56,Back,3986763485,141,95.7,3987997967,155,,3986763491,1,,7q8urr40blud747zzb3io8w5x,R. van der Venne,,,,,,,,,,,,,,,,,,,,,,,,,,,,,,,,,,
2499051579,679,1,2,58,37,c33jm806py6adse5wv9wx6ch1,1,43.4,93.9,2023-01-21T10:04:27.563Z,2023-01-21T10:04:32Z,3986763527,213,5.6,3986763519,56,Left,3986763523,141,79.3,3986763521,140,54.5,3986763525,212,15.3,,,,,,,,,,446scvw0ckoxnvnsqcqocve1h,V. Berisha,,,,,,,,,,,,,,,,,,,,,,,,,,,,,,,,,,
2499051587,680,1,2,58,42,c33jm806py6adse5wv9wx6ch1,1,55.2,81.8,2023-01-21T10:04:32.715Z,2023-01-21T10:04:37Z,3986763571,212,9.3,3986763567,140,46.4,3986763565,56,Back,3986763573,213,3.1,3986763569,141,82.7,,,,,,,,,,8wbljx8706rh6uyhf8eegl1w5,S. Jamieson,,,,,,,,,,,,,,,,,,,,,,,,,,,,,,,,,,
2499051593,681,1,2,58,47,c33jm806py6adse5wv9wx6ch1,1,48.5,66.6,2023-01-21T10:04:37.276Z,2023-01-21T10:09:02Z,3986763597,213,1.1,3986763593,141,92.7,3986763589,56,Left,3986763591,140,56.2,3986763595,212,19.5,,,,,,,,,,446scvw0ckoxnvnsqcqocve1h,V. Berisha,,,,,,,,,,,,,,,,,,,,,,,,,,,,,,,,,,
2499051601,682,1,2,58,51,c33jm806py6adse5wv9wx6ch1,1,56.2,92.7,2023-01-21T10:04:41.516Z,2023-01-21T10:09:10Z,3986763629,213,5.7,3986763623,140,63.9,3986763627,212,9.4,3986763625,141,85.6,3986763621,56,Left,,,,,,,,,,dnpala3bol8svyc2awng6iv9x,C. Good,,,,,,,,,,,,,,,,,,,,,,,,,,,,,,,,,,
2499051603,683,1,2,58,56,c33jm806py6adse5wv9wx6ch1,1,63.9,85.6,2023-01-21T10:04:46.012Z,2023-01-21T10:04:46Z,3986763637,212,11.8,3986763633,140,55.6,3986763631,56,Center,3986763639,213,3.9,3986763635,141,73.8,,,,,,,,,,bcytv86dp6kqrsosu6gck9q7d,A. O'Neill,,,,,,,,,,,,,,,,,,,,,,,,,,,,,,,,,,
2499051607,684,1,2,58,56,c33jm806py6adse5wv9wx6ch1,1,55.6,73.8,2023-01-21T10:04:46.699Z,2023-01-21T10:09:12Z,3986763653,140,59.9,3986763657,212,27.9,3986763659,213,4.9,3986763655,141,33.3,3986763651,56,Center,,,,,,,,,,446scvw0ckoxnvnsqcqocve1h,V. Berisha,,,,,,,,,,,,,,,,,,,,,,,,,,,,,,,,,,
2499051609,685,1,2,58,58,c33jm806py6adse5wv9wx6ch1,1,59.9,33.3,2023-01-21T10:04:48.603Z,2023-01-21T10:04:50Z,3986763667,141,15.9,3986763671,213,5.6,3986763663,56,Right,3986763669,212,18.0,3986763665,140,72.8,,,,,,,,,,7q8urr40blud747zzb3io8w5x,R. van der Venne,,,,,,,,,,,,,,,,,,,,,,,,,,,,,,,,,,
2499051611,686,1,2,58,59,c33jm806py6adse5wv9wx6ch1,1,72.8,15.9,2023-01-21T10:04:49.931Z,2023-01-21T10:04:51Z,3986763677,140,62.4,3986763683,213,2.7,3986763681,212,12.0,3986763679,141,23.3,3986763675,56,Center,,,,,,,,,,cqoz8o1pse9uspkqvq3cmges5,S. Galloway,,,,,,,,,,,,,,,,,,,,,,,,,,,,,,,,,,
2499051617,687,1,2,59,3,c33jm806py6adse5wv9wx6ch1,1,62.4,23.3,2023-01-21T10:04:53.419Z,2023-01-21T10:04:54Z,3986763705,141,14.9,3986763701,56,Right,3986763703,140,71.1,3986763707,212,10.8,3986763709,213,5.7,,,,,,,,,,7q8urr40blud747zzb3io8w5x,R. van der Venne,,,,,,,,,,,,,,,,,,,,,,,,,,,,,,,,,,
2499051619,688,1,2,59,4,c33jm806py6adse5wv9wx6ch1,1,71.1,14.9,2023-01-21T10:04:54.539Z,2023-01-21T10:04:55Z,3986763719,212,7.6,3986763713,56,Center,3986763717,141,26.1,3986763721,213,1.6,3986763715,140,70.7,,,,,,,,,,cqoz8o1pse9uspkqvq3cmges5,S. Galloway,,,,,,,,,,,,,,,,,,,,,,,,,,,,,,,,,,
2499051621,689,1,2,59,5,c33jm806py6adse5wv9wx6ch1,1,70.7,26.1,2023-01-21T10:04:55.755Z,2023-01-21T10:04:57Z,3986763733,140,70.4,3986763737,212,11.7,3986763735,141,8.9,3986763739,213,4.7,3986763731,56,Right,,,,,,,,,,7cdvlgpi8g3e8ttspzvr1k251,M. Leckie,,,,,,,,,,,,,,,,,,,,,,,,,,,,,,,,,,
2499051623,690,1,2,59,7,c33jm806py6adse5wv9wx6ch1,1,70.4,8.9,2023-01-21T10:04:56.987Z,2023-01-21T10:04:59Z,3986763753,213,1.8,3986763747,140,65.9,3986763749,141,36.9,3986763745,56,Center,3986763751,212,19.6,,,,,,,,,,cqoz8o1pse9uspkqvq3cmges5,S. Galloway,,,,,,,,,,,,,,,,,,,,,,,,,,,,,,,,,,
2499051627,691,1,2,59,9,c33jm806py6adse5wv9wx6ch1,1,67.6,41.9,2023-01-21T10:04:59.755Z,2023-01-21T10:05:03Z,3986763765,56,Center,3986763773,213,1.6,3986763769,141,73.0,3986763767,140,67.8,3986763771,212,21.1,,,,,,,,,,446scvw0ckoxnvnsqcqocve1h,V. Berisha,,,,,,,,,,,,,,,,,,,,,,,,,,,,,,,,,,
2499051629,692,1,2,59,13,c33jm806py6adse5wv9wx6ch1,1,68.3,63.4,2023-01-21T10:05:03.131Z,2023-01-21T10:06:19Z,3986763783,140,68.3,3986763787,212,8.4,3986763789,213,4.7,3986763785,141,51.0,3986763781,56,Center,,,,,,,,,,8wbljx8706rh6uyhf8eegl1w5,S. Jamieson,,,,,,,,,,,,,,,,,,,,,,,,,,,,,,,,,,
2499051631,693,1,2,59,14,c33jm806py6adse5wv9wx6ch1,1,68.3,50.4,2023-01-21T10:05:04.603Z,2023-01-21T10:06:52Z,3986763799,212,6.4,3986763801,213,5.1,3986763797,141,41.8,3986763793,56,Center,3986763795,140,70.8,,,,,,,,,,446scvw0ckoxnvnsqcqocve1h,V. Berisha,,,,,,,,,,,,,,,,,,,,,,,,,,,,,,,,,,
2499051635,694,1,2,59,16,c33jm806py6adse5wv9wx6ch1,0,70.8,41.8,2023-01-21T10:05:05.963Z,2023-01-21T10:06:50Z,3986763813,141,59.3,3986763809,56,Center,3986763817,213,0.7,3986763815,212,18.8,3986763811,140,84.6,,,,,,,,,,7q8urr40blud747zzb3io8w5x,R. van der Venne,,,,,,,,,,,,,,,,,,,,,,,,,,,,,,,,,,
2499051643,464,12,2,59,18,v046no35g7ebk8lytdjmfb43,1,15,44.9,2023-01-21T10:05:08.059Z,2023-01-21T10:06:51Z,3986763837,140,28.9,3986763841,212,15.3,3986763843,213,0.3,3986763839,141,51.5,3986763835,56,Back,,,,,,,,,,3zl5ec82f8zebkxkfdz16e3th,T. Aldred,,,,,,,,,,,,,,,,,,,,,,,,,,,,,,,,,,
2499051639,695,3,2,59,19,c33jm806py6adse5wv9wx6ch1,0,73.4,55.3,2023-01-21T10:05:09.227Z,2023-01-21T16:30:38Z,3986764447,233,465,3986763859,286,,3988000329,464,,3986763823,56,Center,,,,,,,,,,,,,7q8urr40blud747zzb3io8w5x,R. van der Venne,,,,,,,,,,,,,,,,,,,,,,,,,,,,,,,,,,
2499051645,465,7,2,59,19,v046no35g7ebk8lytdjmfb43,0,26.6,44.7,2023-01-21T10:05:09.228Z,2023-01-21T16:30:40Z,3988000489,385,,3986763845,56,Back,3986763847,285,,3986764463,233,695,,,,,,,,,,,,,abfwfqsv8o9xsnkor896869cl,J. O'Shea,,,,,,,,,,,,,,,,,,,,,,,,,,,,,,,,,,
2499051641,696,43,2,59,20,c33jm806py6adse5wv9wx6ch1,1,0,0,2023-01-21T10:05:10.540Z,2023-01-21T10:06:40Z,3986763833,56,Center,3986764503,144,61,,,,,,,,,,,,,,,,,,,7q8urr40blud747zzb3io8w5x,R. van der Venne,,,,,,,,,,,,,,,,,,,,,,,,,,,,,,,,,,
2499051651,697,1,2,59,23,c33jm806py6adse5wv9wx6ch1,1,70.7,58.7,2023-01-21T10:05:13.451Z,2023-01-21T10:08:28Z,3986763891,213,4.8,3986763883,56,Center,3986763887,141,45.7,3986763885,140,71.3,3986763889,212,8.9,,,,,,,,,,bcytv86dp6kqrsosu6gck9q7d,A. O'Neill,,,,,,,,,,,,,,,,,,,,,,,,,,,,,,,,,,
2499051655,698,1,2,59,26,c33jm806py6adse5wv9wx6ch1,1,71.4,29.7,2023-01-21T10:05:15.995Z,2023-01-21T10:08:27Z,3986763901,56,Center,3986763905,141,36.9,3986763909,213,1.5,3986763907,212,4.9,3986763903,140,71.9,,,,,,,,,,cqoz8o1pse9uspkqvq3cmges5,S. Galloway,,,,,,,,,,,,,,,,,,,,,,,,,,,,,,,,,,
2499051661,699,1,2,59,26,c33jm806py6adse5wv9wx6ch1,1,71.9,36.9,2023-01-21T10:05:16.764Z,2023-01-21T10:08:26Z,3986763937,212,13.6,3986763933,140,72.9,3986763939,213,4.8,3986763931,56,Right,3986763935,141,17.0,,,,,,,,,,c00r3yls3lf245nbo93m9d6cq,M. Tilio,,,,,,,,,,,,,,,,,,,,,,,,,,,,,,,,,,
2499051811,719,1,2,59,27,c33jm806py6adse5wv9wx6ch1,1,72.2,15.9,2023-01-21T10:05:17.010Z,2023-01-21T10:07:23Z,3986764641,213,2.4,3986764635,140,70.1,3986764637,141,19.1,3986764633,56,Right,3986764639,212,3.1,,,,,,,,,,cqoz8o1pse9uspkqvq3cmges5,S. Galloway,,,,,,,,,,,,,,,,,,,,,,,,,,,,,,,,,,
2499051827,720,1,2,59,28,c33jm806py6adse5wv9wx6ch1,1,70.9,19.7,2023-01-21T10:05:18.370Z,2023-01-21T10:07:31Z,3986764689,140,76.9,3986764693,212,6.4,3986764691,141,20.9,3986764695,213,0.1,3986764687,56,Right,,,,,,,,,,c00r3yls3lf245nbo93m9d6cq,M. Tilio,,,,,,,,,,,,,,,,,,,,,,,,,,,,,,,,,,
2499051833,721,50,2,59,30,c33jm806py6adse5wv9wx6ch1,1,78.8,15.6,2023-01-21T10:05:20.179Z,2023-01-21T10:07:38Z,3986764725,233,466,3986764713,56,Right,3986764715,286,,,,,,,,,,,,,,,,,7cdvlgpi8g3e8ttspzvr1k251,M. Leckie,,,,,,,,,,,,,,,,,,,,,,,,,,,,,,,,,,
2499051665,466,7,2,59,30,v046no35g7ebk8lytdjmfb43,1,21.2,84.4,2023-01-21T10:05:20.180Z,2023-01-21T16:30:50Z,3988001673,383,,3986763953,56,Back,3986764717,233,721,3986763955,285,,,,,,,,,,,,,,bhl2kwvi52osrdsdnbtw45lyi,J. Courtney-Perkins,,,,,,,,,,,,,,,,,,,,,,,,,,,,,,,,,,
2499051667,467,49,2,59,32,v046no35g7ebk8lytdjmfb43,1,18.4,83.9,2023-01-21T10:05:22.298Z,2023-01-21T10:05:22Z,,,,,,,,,,,,,,,,,,,,,,,,,bhl2kwvi52osrdsdnbtw45lyi,J. Courtney-Perkins,,,,,,,,,,,,,,,,,,,,,,,,,,,,,,,,,,
2499051669,468,1,2,59,32,v046no35g7ebk8lytdjmfb43,1,18.4,83.9,2023-01-21T10:05:22.538Z,2023-01-21T10:05:24Z,3986763959,56,Back,3986763961,140,10.0,3986763965,212,9.7,3986763967,213,3.6,3986763963,141,77.8,,,,,,,,,,bhl2kwvi52osrdsdnbtw45lyi,J. Courtney-Perkins,,,,,,,,,,,,,,,,,,,,,,,,,,,,,,,,,,
2499051677,469,1,2,59,34,v046no35g7ebk8lytdjmfb43,1,10,77.6,2023-01-21T10:05:24.140Z,2023-01-21T16:30:58Z,3986763991,212,32.4,3986763995,1,,3988002557,157,,3986763985,56,Back,3986763987,140,40.6,3986763993,213,0.1,3986763989,141,83.9,,,,ez47kkcz2wgypddldq97yz2dx,C. Chapman,,,,,,,,,,,,,,,,,,,,,,,,,,,,,,,,,,
2499051679,470,50,2,59,37,v046no35g7ebk8lytdjmfb43,1,39.8,83,2023-01-21T10:05:27.020Z,2023-01-21T10:05:29Z,3986764015,233,700,3986764001,286,,3986763999,56,Back,,,,,,,,,,,,,,,,4s2umn33b5fo5zcpkwjcbry7d,J. Knowles,,,,,,,,,,,,,,,,,,,,,,,,,,,,,,,,,,
2499051681,700,7,2,59,37,c33jm806py6adse5wv9wx6ch1,0,60.2,17,2023-01-21T10:05:27.021Z,2023-01-21T16:31:02Z,3986764009,285,,3988002989,385,,3986764007,56,Right,3986764011,233,470,,,,,,,,,,,,,dnpala3bol8svyc2awng6iv9x,C. Good,,,,,,,,,,,,,,,,,,,,,,,,,,,,,,,,,,
2499051685,471,1,2,59,40,v046no35g7ebk8lytdjmfb43,0,29.4,97.4,2023-01-21T10:05:30.363Z,2023-01-21T10:05:31Z,3986764031,140,53.7,3986764029,56,Left,3986764035,212,27.7,3986764037,213,5.9,3986764033,141,81.7,3986764027,155,,,,,,,,bhl2kwvi52osrdsdnbtw45lyi,J. Courtney-Perkins,,,,,,,,,,,,,,,,,,,,,,,,,,,,,,,,,,
2499051687,701,49,2,59,42,c33jm806py6adse5wv9wx6ch1,1,44.8,20.7,2023-01-21T10:05:32.300Z,2023-01-21T10:05:32Z,,,,,,,,,,,,,,,,,,,,,,,,,bdo2grdx1mgm63gii3zar50id,T. Lam,,,,,,,,,,,,,,,,,,,,,,,,,,,,,,,,,,
2499051689,702,1,2,59,42,c33jm806py6adse5wv9wx6ch1,1,44.8,20.7,2023-01-21T10:05:32.411Z,2023-01-21T10:05:34Z,3986764051,141,22.2,3986764055,213,0.1,3986764049,140,60.0,3986764047,56,Center,3986764053,212,16.0,,,,,,,,,,bdo2grdx1mgm63gii3zar50id,T. Lam,,,,,,,,,,,,,,,,,,,,,,,,,,,,,,,,,,
2499051693,703,1,2,59,44,c33jm806py6adse5wv9wx6ch1,1,57.9,18.6,2023-01-21T10:05:34.363Z,2023-01-21T10:05:37Z,3986764067,56,Right,3986764071,141,6.8,3986764075,213,4.7,3986764069,140,57.8,3986764073,212,8.0,,,,,,,,,,bcytv86dp6kqrsosu6gck9q7d,A. O'Neill,,,,,,,,,,,,,,,,,,,,,,,,,,,,,,,,,,
2499051697,704,1,2,59,48,c33jm806py6adse5wv9wx6ch1,1,52.5,8.6,2023-01-21T10:05:38.220Z,2023-01-21T10:05:42Z,3986764103,141,34.6,3986764099,56,Back,3986764107,213,2.3,3986764105,212,23.0,3986764101,140,38.5,,,,,,,,,,cqoz8o1pse9uspkqvq3cmges5,S. Galloway,,,,,,,,,,,,,,,,,,,,,,,,,,,,,,,,,,
2499051699,705,1,2,59,52,c33jm806py6adse5wv9wx6ch1,1,41.9,36.3,2023-01-21T10:05:42.123Z,2023-01-21T10:05:45Z,3986764129,212,19.6,3986764127,141,15.8,3986764123,56,Right,3986764131,213,5.5,3986764125,140,55.0,,,,,,,,,,dnpala3bol8svyc2awng6iv9x,C. Good,,,,,,,,,,,,,,,,,,,,,,,,,,,,,,,,,,
2499051701,706,1,2,59,54,c33jm806py6adse5wv9wx6ch1,1,55,15.8,2023-01-21T10:05:44.939Z,2023-01-21T10:05:48Z,3986764147,213,0.9,3986764139,56,Center,3986764143,141,30.0,3986764141,140,61.8,3986764145,212,12.0,,,,,,,,,,cqoz8o1pse9uspkqvq3cmges5,S. Galloway,,,,,,,,,,,,,,,,,,,,,,,,,,,,,,,,,,
2499051703,707,1,2,59,57,c33jm806py6adse5wv9wx6ch1,1,59.4,20.4,2023-01-21T10:05:47.883Z,2023-01-21T10:05:49Z,3986764153,140,61.8,3986764157,212,9.8,3986764159,213,5.0,3986764155,141,6.4,3986764151,56,Right,,,,,,,,,,c00r3yls3lf245nbo93m9d6cq,M. Tilio,,,,,,,,,,,,,,,,,,,,,,,,,,,,,,,,,,
2499051705,708,1,2,59,59,c33jm806py6adse5wv9wx6ch1,1,61.8,6.4,2023-01-21T10:05:49.163Z,2023-01-21T10:05:50Z,3986764169,140,53.3,3986764173,212,10.5,3986764167,56,Right,3986764171,141,14.4,3986764175,213,2.6,,,,,,,,,,7q8urr40blud747zzb3io8w5x,R. van der Venne,,,,,,,,,,,,,,,,,,,,,,,,,,,,,,,,,,
2499051707,709,1,2,60,0,c33jm806py6adse5wv9wx6ch1,1,53.3,14.4,2023-01-21T10:05:50.395Z,2023-01-21T10:05:53Z,3986764193,212,15.6,3986764189,140,43.9,3986764191,141,32.2,3986764187,56,Back,3986764195,213,2.3,,,,,,,,,,cqoz8o1pse9uspkqvq3cmges5,S. Galloway,,,,,,,,,,,,,,,,,,,,,,,,,,,,,,,,,,
2499051711,710,1,2,60,3,c33jm806py6adse5wv9wx6ch1,1,43.9,32.2,2023-01-21T10:05:53.259Z,2023-01-21T10:05:57Z,3986764231,213,1.6,3986764225,140,43.0,3986764223,56,Back,3986764227,141,72.0,3986764229,212,27.1,,,,,,,,,,bdo2grdx1mgm63gii3zar50id,T. Lam,,,,,,,,,,,,,,,,,,,,,,,,,,,,,,,,,,
2499051713,711,1,2,60,7,c33jm806py6adse5wv9wx6ch1,1,49,69,2023-01-21T10:05:57.787Z,2023-01-21T10:06:00Z,3986764251,212,16.2,3986764245,56,Center,3986764247,140,62.9,3986764253,213,5.8,3986764249,141,58.7,,,,,,,,,,8wbljx8706rh6uyhf8eegl1w5,S. Jamieson,,,,,,,,,,,,,,,,,,,,,,,,,,,,,,,,,,
2499051721,712,1,2,60,10,c33jm806py6adse5wv9wx6ch1,1,62.9,58.7,2023-01-21T10:06:00.347Z,2023-01-21T10:06:04Z,3986764271,155,,3986764281,213,0.8,3986764275,140,71.3,3986764279,212,12.1,3986764277,141,70.9,3986764273,56,Center,,,,,,,31v9w4cyk1fxlig452kuc65ed,J. Maclaren,,,,,,,,,,,,,,,,,,,,,,,,,,,,,,,,,,
2499051723,713,61,2,60,13,c33jm806py6adse5wv9wx6ch1,0,71.3,70.9,2023-01-21T10:06:03.155Z,2023-01-21T10:07:52Z,3986764285,56,Center,,,,,,,,,,,,,,,,,,,,,,446scvw0ckoxnvnsqcqocve1h,V. Berisha,,,,,,,,,,,,,,,,,,,,,,,,,,,,,,,,,,
2499051719,472,49,2,60,13,v046no35g7ebk8lytdjmfb43,1,29.1,21,2023-01-21T10:06:03.755Z,2023-01-21T10:06:03Z,,,,,,,,,,,,,,,,,,,,,,,,,7mgwfxva7w88k90jhjd1wx3o5,S. Neville,,,,,,,,,,,,,,,,,,,,,,,,,,,,,,,,,,
2499051725,473,1,2,60,14,v046no35g7ebk8lytdjmfb43,1,30.1,20.9,2023-01-21T10:06:04.490Z,2023-01-21T10:06:06Z,3986764297,56,Center,3986764303,212,27.5,3986764301,141,42.4,3986764299,140,52.3,3986764305,213,0.6,,,,,,,,,,7mgwfxva7w88k90jhjd1wx3o5,S. Neville,,,,,,,,,,,,,,,,,,,,,,,,,,,,,,,,,,
2499051727,474,1,2,60,15,v046no35g7ebk8lytdjmfb43,0,51.7,42.2,2023-01-21T10:06:05.882Z,2023-01-21T10:06:06Z,3986764323,156,,3986764315,140,45.4,3986764313,56,Back,3986764321,213,2.2,3986764317,141,54.5,3986764319,212,10.7,,,,,,,uyhh5u2ezau9f095symdh3sa,C. Armiento,,,,,,,,,,,,,,,,,,,,,,,,,,,,,,,,,,
2499051729,714,49,2,60,17,c33jm806py6adse5wv9wx6ch1,1,52.1,46.9,2023-01-21T10:06:07.067Z,2023-01-21T10:06:07Z,,,,,,,,,,,,,,,,,,,,,,,,,cqoz8o1pse9uspkqvq3cmges5,S. Galloway,,,,,,,,,,,,,,,,,,,,,,,,,,,,,,,,,,
2499051739,715,1,2,60,17,c33jm806py6adse5wv9wx6ch1,1,52.1,46.9,2023-01-21T10:06:07.210Z,2023-01-21T10:07:14Z,3986764375,141,65.8,3986764371,56,Center,3986764379,213,1.4,3986764373,140,54.7,3986764377,212,13.1,,,,,,,,,,cqoz8o1pse9uspkqvq3cmges5,S. Galloway,,,,,,,,,,,,,,,,,,,,,,,,,,,,,,,,,,
2499051781,475,27,2,60,51,v046no35g7ebk8lytdjmfb43,1,0,0,2023-01-21T10:06:41.915Z,2023-01-21T10:08:35Z,3986765329,233,716,,,,,,,,,,,,,,,,,,,,,,,,,,,,,,,,,,,,,,,,,,,,,,,,,,,,,,,,,
2499051771,716,27,2,60,51,c33jm806py6adse5wv9wx6ch1,1,0,0,2023-01-21T10:06:41.915Z,2023-01-21T10:08:35Z,3986764523,53,446scvw0ckoxnvnsqcqocve1h,3986764521,41,Injury,3986765349,233,475,,,,,,,,,,,,,,,,,,,,,,,,,,,,,,,,,,,,,,,,,,,,,,,,,,,
2499051783,476,28,2,60,57,v046no35g7ebk8lytdjmfb43,1,0,0,2023-01-21T10:06:47.675Z,2023-01-21T10:08:35Z,3986765361,233,717,3986764549,55,475,,,,,,,,,,,,,,,,,,,,,,,,,,,,,,,,,,,,,,,,,,,,,,,,,,,,,,
2499051773,717,28,2,60,57,c33jm806py6adse5wv9wx6ch1,1,0,0,2023-01-21T10:06:47.675Z,2023-01-21T10:08:36Z,3986764531,55,716,3986765367,233,476,,,,,,,,,,,,,,,,,,,,,,,,,,,,,,,,,,,,,,,,,,,,,,,,,,,,,,
2499051793,718,43,2,61,17,c33jm806py6adse5wv9wx6ch1,1,0,0,2023-01-21T10:07:07.468Z,2023-01-21T10:07:08Z,3986764581,56,Right,3986764591,144,50,3986764583,286,0,,,,,,,,,,,,,,,,cqoz8o1pse9uspkqvq3cmges5,S. Galloway,,,,,,,,,,,,,,,,,,,,,,,,,,,,,,,,,,
2499051841,477,68,2,61,47,v046no35g7ebk8lytdjmfb43,0,0,0,2023-01-21T10:07:37.897Z,2023-01-21T10:07:49Z,3986764779,189,,,,,,,,,,,,,,,,,,,,,,,,,,,,,,,,,,,,,,,,,,,,,,,,,,,,,,,,,,
2499051839,722,68,2,61,47,c33jm806py6adse5wv9wx6ch1,1,0,0,2023-01-21T10:07:37.906Z,2023-01-21T16:32:26Z,3986764757,189,,,,,,,,,,,,,,,,,,,,,,,,,,,,,,,,,,,,,,,,,,,,,,,,,,,,,,,,,,
2499051845,723,1,2,61,50,c33jm806py6adse5wv9wx6ch1,1,55.7,17.9,2023-01-21T10:07:40.362Z,2023-01-21T16:32:29Z,3986764747,140,62.7,3986764753,213,5.7,3986764749,141,10.6,3986764751,212,8.9,3986764745,56,Right,,,,,,,,,,cqoz8o1pse9uspkqvq3cmges5,S. Galloway,,,,,,,,,,,,,,,,,,,,,,,,,,,,,,,,,,
2499051847,724,1,2,61,53,c33jm806py6adse5wv9wx6ch1,1,61.8,10.3,2023-01-21T10:07:43.930Z,2023-01-21T10:07:46Z,3986764771,213,2.7,3986764767,141,22.1,3986764763,56,Back,3986764769,212,20.1,3986764765,140,44.2,,,,,,,,,,7q8urr40blud747zzb3io8w5x,R. van der Venne,,,,,,,,,,,,,,,,,,,,,,,,,,,,,,,,,,
2499051853,725,1,2,61,56,c33jm806py6adse5wv9wx6ch1,1,44.2,22.1,2023-01-21T10:07:46.090Z,2023-01-21T10:07:49Z,3986764793,140,54.7,3986764797,212,14.0,3986764795,141,9.5,3986764799,213,5.6,3986764791,56,Right,,,,,,,,,,bdo2grdx1mgm63gii3zar50id,T. Lam,,,,,,,,,,,,,,,,,,,,,,,,,,,,,,,,,,
2499051859,726,1,2,61,59,c33jm806py6adse5wv9wx6ch1,1,59.8,8.9,2023-01-21T10:07:49.770Z,2023-01-21T10:07:51Z,3986764821,212,16.2,3986764817,140,75.0,3986764819,141,5.0,3986764815,56,Right,3986764823,213,6.1,,,,,,,,,,cqoz8o1pse9uspkqvq3cmges5,S. Galloway,,,,,,,,,,,,,,,,,,,,,,,,,,,,,,,,,,
2499051861,727,1,2,62,1,c33jm806py6adse5wv9wx6ch1,1,75,5,2023-01-21T10:07:51.098Z,2023-01-21T10:07:53Z,3986764835,141,19.7,3986764843,213,2.2,3986764829,140,68.1,3986764837,212,12.3,3986764827,56,Right,,,,,,,,,,7q8urr40blud747zzb3io8w5x,R. van der Venne,,,,,,,,,,,,,,,,,,,,,,,,,,,,,,,,,,
2499051869,728,1,2,62,4,c33jm806py6adse5wv9wx6ch1,0,67.4,15.9,2023-01-21T10:07:54.330Z,2023-01-21T10:07:57Z,3986764857,212,3.1,3986764881,236,,3986764853,140,69.0,3986764859,213,1.0,3986764887,286,,3986764851,56,Right,3986764883,233,478,3986764855,141,19.7,c00r3yls3lf245nbo93m9d6cq,M. Tilio,,,,,,,,,,,,,,,,,,,,,,,,,,,,,,,,,,
2499051871,478,74,2,62,4,v046no35g7ebk8lytdjmfb43,1,37.3,83.5,2023-01-21T10:07:54.331Z,2023-01-21T10:07:57Z,3986764867,285,,3986764865,56,Back,3986764891,233,728,,,,,,,,,,,,,,,,dhnssdf1iuorniavvla5zbwx6,K. Trewin,,,,,,,,,,,,,,,,,,,,,,,,,,,,,,,,,,
2499051875,479,49,2,62,5,v046no35g7ebk8lytdjmfb43,1,37.3,83.5,2023-01-21T10:07:55.804Z,2023-01-21T10:07:56Z,,,,,,,,,,,,,,,,,,,,,,,,,dhnssdf1iuorniavvla5zbwx6,K. Trewin,,,,,,,,,,,,,,,,,,,,,,,,,,,,,,,,,,
2499051881,480,1,2,62,6,v046no35g7ebk8lytdjmfb43,1,38.7,82.4,2023-01-21T10:07:56.250Z,2023-01-21T10:07:59Z,3986764901,56,Back,3986764905,141,66.0,3986764909,213,5.2,3986764907,212,12.6,3986764903,140,44.2,,,,,,,,,,dhnssdf1iuorniavvla5zbwx6,K. Trewin,,,,,,,,,,,,,,,,,,,,,,,,,,,,,,,,,,
2499051885,481,1,2,62,9,v046no35g7ebk8lytdjmfb43,0,59.2,63.1,2023-01-21T10:07:59.146Z,2023-01-21T16:32:53Z,3986764923,140,91.3,3986764927,212,42.8,3986764931,1,,3986764925,141,100.0,3986764929,213,0.7,3986764921,56,Left,,,,,,,abfwfqsv8o9xsnkor896869cl,J. O'Shea,,,,,,,,,,,,,,,,,,,,,,,,,,,,,,,,,,
2499051887,482,5,2,62,12,v046no35g7ebk8lytdjmfb43,0,85.9,101.9,2023-01-21T10:08:02.095Z,2023-01-21T10:08:34Z,3986764937,56,Left,3986764939,347,,3986765325,233,729,,,,,,,,,,,,,,,,abfwfqsv8o9xsnkor896869cl,J. O'Shea,,,,,,,,,,,,,,,,,,,,,,,,,,,,,,,,,,
2499051893,729,5,2,62,12,c33jm806py6adse5wv9wx6ch1,1,14.1,-1.9,2023-01-21T10:08:02.095Z,2023-01-21T10:08:34Z,3986764955,56,Back,3986765317,233,482,3986764957,347,,,,,,,,,,,,,,,,,c00r3yls3lf245nbo93m9d6cq,M. Tilio,,,,,,,,,,,,,,,,,,,,,,,,,,,,,,,,,,
2499051895,730,1,2,62,21,c33jm806py6adse5wv9wx6ch1,1,10.5,0,2023-01-21T10:08:11.546Z,2023-01-21T10:08:12Z,3986764969,141,11.9,3986764965,56,Back,3986764973,213,1.4,3986764967,140,11.9,3986764971,212,9.3,3986764963,107,,,,,,,,cqoz8o1pse9uspkqvq3cmges5,S. Galloway,,,,,,,,,,,,,,,,,,,,,,,,,,,,,,,,,,
2499051897,731,1,2,62,24,c33jm806py6adse5wv9wx6ch1,1,11.1,11.4,2023-01-21T10:08:14.090Z,2023-01-21T10:08:14Z,3986764979,140,5.4,3986764981,141,4.7,3986764985,213,3.8,3986764977,56,Back,3986764983,212,7.5,,,,,,,,,,bcytv86dp6kqrsosu6gck9q7d,A. O'Neill,,,,,,,,,,,,,,,,,,,,,,,,,,,,,,,,,,
2499051901,732,1,2,62,24,c33jm806py6adse5wv9wx6ch1,1,5.4,4.7,2023-01-21T10:08:14.746Z,2023-01-21T10:08:16Z,3986764995,140,9.6,3986764999,212,9.3,3986765001,213,1.1,3986764997,141,16.8,3986764993,56,Back,,,,,,,,,,cqoz8o1pse9uspkqvq3cmges5,S. Galloway,,,,,,,,,,,,,,,,,,,,,,,,,,,,,,,,,,
2499051903,733,1,2,62,26,c33jm806py6adse5wv9wx6ch1,1,9.6,16.8,2023-01-21T10:08:16.011Z,2023-01-21T10:08:17Z,3986765019,56,Back,3986765017,155,,3986765021,140,23.2,3986765025,212,15.4,3986765027,213,5.9,3986765023,141,8.3,,,,,,,bcytv86dp6kqrsosu6gck9q7d,A. O'Neill,,,,,,,,,,,,,,,,,,,,,,,,,,,,,,,,,,
2499051905,734,1,2,62,27,c33jm806py6adse5wv9wx6ch1,1,23.2,8.3,2023-01-21T10:08:17.594Z,2023-01-21T10:08:18Z,3986765031,56,Back,3986765035,141,7.0,3986765037,212,3.1,3986765033,140,20.4,3986765039,213,3.4,3986765043,156,,,,,,,,7q8urr40blud747zzb3io8w5x,R. van der Venne,,,,,,,,,,,,,,,,,,,,,,,,,,,,,,,,,,
2499051911,483,45,2,62,29,v046no35g7ebk8lytdjmfb43,0,78.4,94,2023-01-21T10:08:19.422Z,2023-01-21T10:08:21Z,3986765065,56,Left,3986765097,233,735,3986765067,286,,,,,,,,,,,,,,,,,bhl2kwvi52osrdsdnbtw45lyi,J. Courtney-Perkins,,,,,,,,,,,,,,,,,,,,,,,,,,,,,,,,,,
2499051907,735,3,2,62,29,c33jm806py6adse5wv9wx6ch1,1,21.6,6,2023-01-21T10:08:19.422Z,2023-01-21T16:33:06Z,3986765055,285,,3986765053,56,Back,3986765089,233,483,3988016721,464,,,,,,,,,,,,,,c00r3yls3lf245nbo93m9d6cq,M. Tilio,,,,,,,,,,,,,,,,,,,,,,,,,,,,,,,,,,
2499051913,736,1,2,62,29,c33jm806py6adse5wv9wx6ch1,1,23.5,7,2023-01-21T10:08:19.594Z,2023-01-21T10:08:20Z,3986765075,212,6.8,3986765071,140,27.1,3986765073,141,15.3,3986765077,213,1.0,3986765069,56,Back,,,,,,,,,,c00r3yls3lf245nbo93m9d6cq,M. Tilio,,,,,,,,,,,,,,,,,,,,,,,,,,,,,,,,,,
2499051915,737,1,2,62,30,c33jm806py6adse5wv9wx6ch1,0,27.1,15.3,2023-01-21T10:08:20.315Z,2023-01-21T10:08:22Z,3986765109,213,1.1,3986765131,236,,3986765107,212,0.9,3986765103,140,27.5,3986765101,56,Back,3986765105,141,16.4,3986765133,233,484,3986765137,286,,7q8urr40blud747zzb3io8w5x,R. van der Venne,,,,,,,,,,,,,,,,,,,,,,,,,,,,,,,,,,
2499051919,484,74,2,62,30,v046no35g7ebk8lytdjmfb43,1,76.4,80.5,2023-01-21T10:08:20.316Z,2023-01-21T10:08:38Z,3986765127,56,Left,3986765129,285,,3986765143,233,737,,,,,,,,,,,,,,,,abfwfqsv8o9xsnkor896869cl,J. O'Shea,,,,,,,,,,,,,,,,,,,,,,,,,,,,,,,,,,
2499051921,485,49,2,62,33,v046no35g7ebk8lytdjmfb43,1,65.4,75.1,2023-01-21T10:08:23.275Z,2023-01-21T10:08:23Z,,,,,,,,,,,,,,,,,,,,,,,,,6jri9zzc1ccwcof95srv8h4pg,L. Zabala,,,,,,,,,,,,,,,,,,,,,,,,,,,,,,,,,,
2499051927,486,1,2,62,33,v046no35g7ebk8lytdjmfb43,1,65.4,75.1,2023-01-21T10:08:23.434Z,2023-01-21T10:08:27Z,3986765191,141,79.9,3986765195,213,0.4,3986765187,56,Left,3986765189,140,72.5,3986765193,212,8.1,,,,,,,,,,6jri9zzc1ccwcof95srv8h4pg,L. Zabala,,,,,,,,,,,,,,,,,,,,,,,,,,,,,,,,,,
2499051931,487,1,2,62,36,v046no35g7ebk8lytdjmfb43,1,70.8,69,2023-01-21T10:08:26.890Z,2023-01-21T10:08:32Z,3986765269,213,4.5,3986765263,140,66.2,3986765267,212,27.5,3986765265,141,29.2,3986765261,56,Center,,,,,,,,,,abfwfqsv8o9xsnkor896869cl,J. O'Shea,,,,,,,,,,,,,,,,,,,,,,,,,,,,,,,,,,
2499051937,488,1,2,62,42,v046no35g7ebk8lytdjmfb43,1,71.3,20,2023-01-21T10:08:31.977Z,2023-01-21T10:08:35Z,3986765339,140,85.2,3986765343,212,16.0,3986765345,213,0.4,3986765337,56,Center,3986765341,141,29.5,,,,,,,,,,7mgwfxva7w88k90jhjd1wx3o5,S. Neville,,,,,,,,,,,,,,,,,,,,,,,,,,,,,,,,,,
2499051941,489,1,2,62,45,v046no35g7ebk8lytdjmfb43,1,84.9,25.6,2023-01-21T10:08:35.098Z,2023-01-21T10:08:38Z,3986765411,212,12.6,3986765407,140,85.0,3986765409,141,7.1,3986765413,213,4.7,3986765405,56,Right,,,,,,,,,,4s2umn33b5fo5zcpkwjcbry7d,J. Knowles,,,,,,,,,,,,,,,,,,,,,,,,,,,,,,,,,,
2499051949,490,1,2,62,48,v046no35g7ebk8lytdjmfb43,1,79.7,4.6,2023-01-21T10:08:38.570Z,2023-01-21T10:08:48Z,3986765541,212,10.3,3986765535,56,Right,3986765537,140,78.1,3986765543,213,1.7,3986765539,141,19.5,,,,,,,,,,4gn22fnshsmgxyayuj2p77v85,J. Hingert,,,,,,,,,,,,,,,,,,,,,,,,,,,,,,,,,,
2499051951,491,61,2,62,57,v046no35g7ebk8lytdjmfb43,0,94.4,3.4,2023-01-21T10:08:47.897Z,2023-01-21T10:08:48Z,3986765551,56,Right,,,,,,,,,,,,,,,,,,,,,,4s2umn33b5fo5zcpkwjcbry7d,J. Knowles,,,,,,,,,,,,,,,,,,,,,,,,,,,,,,,,,,
2499051955,492,5,2,62,58,v046no35g7ebk8lytdjmfb43,0,92.7,-1.4,2023-01-21T10:08:48.329Z,2023-01-21T10:09:01Z,3986765557,56,Right,3986765699,233,738,3986765559,347,,,,,,,,,,,,,,,,,4s2umn33b5fo5zcpkwjcbry7d,J. Knowles,,,,,,,,,,,,,,,,,,,,,,,,,,,,,,,,,,
2499051965,738,5,2,62,58,c33jm806py6adse5wv9wx6ch1,1,7.3,101.4,2023-01-21T10:08:48.329Z,2023-01-21T10:10:55Z,3986765695,233,492,3986765691,56,Back,3986765693,347,,,,,,,,,,,,,,,,,446scvw0ckoxnvnsqcqocve1h,V. Berisha,,,,,,,,,,,,,,,,,,,,,,,,,,,,,,,,,,
2499051991,493,18,2,63,25,v046no35g7ebk8lytdjmfb43,1,0,0,2023-01-21T10:09:15.652Z,2023-01-21T16:34:05Z,3986765787,44,Defender,3986765817,55,494,3986765789,59,19,3986765785,42,,,,,,,,,,,,,,4gn22fnshsmgxyayuj2p77v85,J. Hingert,,,,,,,,,,,,,,,,,,,,,,,,,,,,,,,,,,
2499051993,494,19,2,63,25,v046no35g7ebk8lytdjmfb43,1,0,0,2023-01-21T10:09:15.653Z,2023-01-21T16:34:05Z,3986765803,44,Midfielder,3986765795,145,2,3986765791,42,,3986765797,59,16,3986765801,293,2,3986765805,55,493,3986765799,292,5,,,,c0p9hlssgk28sutlee99c24t1,J. Brindell-South,,,,,,,,,,,,,,,,,,,,,,,,,,,,,,,,,,
2499052017,495,18,2,63,46,v046no35g7ebk8lytdjmfb43,1,0,0,2023-01-21T10:09:35.993Z,2023-01-21T16:34:18Z,3986765871,44,Midfielder,3986765893,55,496,3986765869,42,,3986765873,59,35,,,,,,,,,,,,,6jri9zzc1ccwcof95srv8h4pg,L. Zabala,,,,,,,,,,,,,,,,,,,,,,,,,,,,,,,,,,
2499052019,496,19,2,63,46,v046no35g7ebk8lytdjmfb43,1,0,0,2023-01-21T10:09:35.994Z,2023-01-21T16:34:18Z,3986765883,292,7,3986765887,44,Midfielder,3986765885,293,5,3986765875,42,,3986765881,59,13,3986765879,145,7,3986765889,55,495,,,,1hcnrw2udxcdff6bre73sv1pm,H. Hore,,,,,,,,,,,,,,,,,,,,,,,,,,,,,,,,,,
2499052033,739,1,2,63,59,c33jm806py6adse5wv9wx6ch1,1,12.7,100,2023-01-21T10:09:49.017Z,2023-01-21T16:34:26Z,3986765929,56,Back,3986765935,212,9.1,3986766015,189,,3986765931,140,10.8,3986765927,107,,3986765933,141,88.6,3986765937,213,4.5,,,,8wbljx8706rh6uyhf8eegl1w5,S. Jamieson,,,,,,,,,,,,,,,,,,,,,,,,,,,,,,,,,,
2499052035,740,1,2,64,0,c33jm806py6adse5wv9wx6ch1,1,10.8,88.6,2023-01-21T10:09:50.457Z,2023-01-21T16:34:40Z,3986765949,213,2.3,3986765947,212,7.2,3986766027,189,,3986765943,140,6.0,3986765941,56,Back,3986765945,141,96.2,,,,,,,bcytv86dp6kqrsosu6gck9q7d,A. O'Neill,,,,,,,,,,,,,,,,,,,,,,,,,,,,,,,,,,
2499052037,741,1,2,64,2,c33jm806py6adse5wv9wx6ch1,0,6,96.2,2023-01-21T10:09:52.851Z,2023-01-21T16:34:44Z,3986765957,140,35.3,3986765963,213,5.8,3986765953,155,,3986765959,141,70.0,3986765961,212,35.6,3986765955,56,Back,3986765965,1,,,,,8wbljx8706rh6uyhf8eegl1w5,S. Jamieson,,,,,,,,,,,,,,,,,,,,,,,,,,,,,,,,,,
2499052039,497,1,2,64,4,v046no35g7ebk8lytdjmfb43,0,63.1,31.3,2023-01-21T10:09:53.993Z,2023-01-21T10:09:55Z,3986765973,141,55.1,3986765977,213,1.0,3986765969,56,Center,3986765975,212,19.2,3986765971,140,72.9,3986765967,3,,,,,,,,dhnssdf1iuorniavvla5zbwx6,K. Trewin,,,,,,,,,,,,,,,,,,,,,,,,,,,,,,,,,,
2499052041,742,1,2,64,6,c33jm806py6adse5wv9wx6ch1,1,23.9,40.6,2023-01-21T10:09:56.474Z,2023-01-21T10:09:58Z,3986765987,140,30.3,3986765983,3,,3986765991,212,10.2,3986765993,213,0.9,3986765989,141,51.9,3986765985,56,Back,,,,,,,cqoz8o1pse9uspkqvq3cmges5,S. Galloway,,,,,,,,,,,,,,,,,,,,,,,,,,,,,,,,,,
2499052043,743,1,2,64,7,c33jm806py6adse5wv9wx6ch1,0,30.3,51.9,2023-01-21T10:09:57.883Z,2023-01-21T10:09:58Z,3986766009,1,,3986765999,56,Back,3986765997,157,,3986766007,213,4.7,3986766003,141,45.5,3986766001,140,30.2,3986766005,212,4.4,,,,7q8urr40blud747zzb3io8w5x,R. van der Venne,,,,,,,,,,,,,,,,,,,,,,,,,,,,,,,,,,
2499052045,498,49,2,64,8,v046no35g7ebk8lytdjmfb43,1,70.5,46.7,2023-01-21T10:09:58.826Z,2023-01-21T10:09:59Z,,,,,,,,,,,,,,,,,,,,,,,,,1hcnrw2udxcdff6bre73sv1pm,H. Hore,,,,,,,,,,,,,,,,,,,,,,,,,,,,,,,,,,
2499052049,499,1,2,64,9,v046no35g7ebk8lytdjmfb43,1,69.6,53.4,2023-01-21T10:09:59.657Z,2023-01-21T10:10:03Z,3986766033,141,75.1,3986766037,213,1.6,3986766035,212,14.8,3986766029,56,Center,3986766031,140,69.6,,,,,,,,,,1hcnrw2udxcdff6bre73sv1pm,H. Hore,,,,,,,,,,,,,,,,,,,,,,,,,,,,,,,,,,
2499052051,500,1,2,64,13,v046no35g7ebk8lytdjmfb43,1,75.9,73.3,2023-01-21T10:10:03.545Z,2023-01-21T10:10:05Z,3986766047,140,70.4,3986766053,213,4.0,3986766049,141,64.2,3986766051,212,8.5,3986766045,56,Center,,,,,,,,,,bhl2kwvi52osrdsdnbtw45lyi,J. Courtney-Perkins,,,,,,,,,,,,,,,,,,,,,,,,,,,,,,,,,,
2499052053,501,1,2,64,15,v046no35g7ebk8lytdjmfb43,1,71.7,74.4,2023-01-21T10:10:05.817Z,2023-01-21T10:10:09Z,3986766063,212,18.2,3986766057,56,Left,3986766065,213,0.8,3986766059,140,84.1,3986766061,141,93.0,,,,,,,,,,dhnssdf1iuorniavvla5zbwx6,K. Trewin,,,,,,,,,,,,,,,,,,,,,,,,,,,,,,,,,,
2499052055,502,1,2,64,19,v046no35g7ebk8lytdjmfb43,0,88.9,88.4,2023-01-21T10:10:09.209Z,2023-01-21T16:35:18Z,3986766077,212,1.1,3986766087,233,744,3986766073,140,87.9,3986766079,213,3.3,3986766071,56,Left,3986766075,141,88.1,,,,,,,1hcnrw2udxcdff6bre73sv1pm,H. Hore,,,,,,,,,,,,,,,,,,,,,,,,,,,,,,,,,,
2499052057,744,61,2,64,19,c33jm806py6adse5wv9wx6ch1,1,8.8,8.9,2023-01-21T10:10:09.210Z,2023-01-21T16:35:16Z,3986766081,56,Back,,,,,,,,,,,,,,,,,,,,,,cqoz8o1pse9uspkqvq3cmges5,S. Galloway,,,,,,,,,,,,,,,,,,,,,,,,,,,,,,,,,,
2499052059,745,49,2,64,21,c33jm806py6adse5wv9wx6ch1,1,8.8,8.6,2023-01-21T10:10:11.211Z,2023-01-21T10:10:11Z,,,,,,,,,,,,,,,,,,,,,,,,,7q8urr40blud747zzb3io8w5x,R. van der Venne,,,,,,,,,,,,,,,,,,,,,,,,,,,,,,,,,,
2499052061,746,1,2,64,22,c33jm806py6adse5wv9wx6ch1,1,8.8,8.6,2023-01-21T10:10:12.186Z,2023-01-21T10:10:14Z,3986766099,140,15.7,3986766103,212,7.4,3986766101,141,6.2,3986766105,213,6.1,3986766097,56,Back,,,,,,,,,,7q8urr40blud747zzb3io8w5x,R. van der Venne,,,,,,,,,,,,,,,,,,,,,,,,,,,,,,,,,,
2499052065,747,1,2,64,24,c33jm806py6adse5wv9wx6ch1,0,16,5.9,2023-01-21T10:10:14.026Z,2023-01-21T10:10:16Z,3986766123,213,3.1,3986766115,56,Back,3986766139,236,,3986766145,286,,3986766141,233,503,3986766119,141,5.9,3986766117,140,14.0,3986766121,212,2.1,c00r3yls3lf245nbo93m9d6cq,M. Tilio,,,,,,,,,,,,,,,,,,,,,,,,,,,,,,,,,,
2499052071,503,74,2,64,24,v046no35g7ebk8lytdjmfb43,1,84.9,92.4,2023-01-21T10:10:14.027Z,2023-01-21T10:10:59Z,3986766147,233,747,3986766135,56,Left,3986766137,285,,,,,,,,,,,,,,,,,1hcnrw2udxcdff6bre73sv1pm,H. Hore,,,,,,,,,,,,,,,,,,,,,,,,,,,,,,,,,,
2499052077,505,3,2,64,25,v046no35g7ebk8lytdjmfb43,1,85.4,92.5,2023-01-21T10:10:15.209Z,2023-01-21T16:35:26Z,3988031991,465,,3986766155,56,Left,3986766159,233,748,3986766157,286,,,,,,,,,,,,,,1hcnrw2udxcdff6bre73sv1pm,H. Hore,,,,,,,,,,,,,,,,,,,,,,,,,,,,,,,,,,
2499052067,748,45,2,64,25,c33jm806py6adse5wv9wx6ch1,0,14.6,7.5,2023-01-21T10:10:15.209Z,2023-01-21T10:10:18Z,3986766163,233,505,3986766125,56,Back,3986766127,285,,,,,,,,,,,,,,,,,c00r3yls3lf245nbo93m9d6cq,M. Tilio,,,,,,,,,,,,,,,,,,,,,,,,,,,,,,,,,,
2499052073,504,49,2,64,27,v046no35g7ebk8lytdjmfb43,1,84.9,92.4,2023-01-21T10:10:17.346Z,2023-01-21T10:10:46Z,,,,,,,,,,,,,,,,,,,,,,,,,1hcnrw2udxcdff6bre73sv1pm,H. Hore,,,,,,,,,,,,,,,,,,,,,,,,,,,,,,,,,,
2499052081,506,1,2,64,28,v046no35g7ebk8lytdjmfb43,1,85.3,84.8,2023-01-21T10:10:18.369Z,2023-01-21T16:35:43Z,3986766181,140,87.7,3986766297,210,15,3986766185,212,9.5,3986766179,56,Center,3986766187,213,5.0,3988034015,154,,3986766183,141,71.4,,,,1hcnrw2udxcdff6bre73sv1pm,H. Hore,1,,,,,,,,,,,,,,,,,,,,,,,,,,,,,,,,,
2499052083,507,15,2,64,29,v046no35g7ebk8lytdjmfb43,1,95,70.3,2023-01-21T10:10:19.769Z,2023-01-21T16:35:43Z,3988034031,77,,3988034033,154,,3986766309,103,27.8,3988034029,65,,3986766301,29,,3986766323,233,749,3986766311,146,99.7,3986766313,147,53.8,uyhh5u2ezau9f095symdh3sa,C. Armiento,,3986766303,55,506,3986766197,56,3986766193,22,,3986766253,72,,3986766307,102,,,,,,,,,Center,52.7,,,,,,,,,,
2499052079,749,10,2,64,29,c33jm806py6adse5wv9wx6ch1,1,1.4,44.1,2023-01-21T10:10:19.869Z,2023-01-21T16:35:55Z,3986766269,233,507,3986766177,56,Back,3986766175,182,,3986766171,173,,3988035171,378,,3988035157,178,,,,,,,,77gcx1qotysu9hbi2hw2gjsvd,T. Glover,,,,,,,,,,,,,,,,,,,,,,,,,,,,,,,,,,
2499052085,508,50,2,64,33,v046no35g7ebk8lytdjmfb43,1,98,80.6,2023-01-21T10:10:23.929Z,2023-01-21T16:36:04Z,3986766211,286,,3986766209,56,Left,3986766225,233,750,,,,,,,,,,,,,,,,uyhh5u2ezau9f095symdh3sa,C. Armiento,,,,,,,,,,,,,,,,,,,,,,,,,,,,,,,,,,
2499052087,750,7,2,64,33,c33jm806py6adse5wv9wx6ch1,1,2,19.4,2023-01-21T10:10:23.930Z,2023-01-21T16:36:05Z,3986766229,167,,3988036413,385,,3986766215,285,,3986766217,233,508,3986766213,56,Back,,,,,,,,,,c00r3yls3lf245nbo93m9d6cq,M. Tilio,,,,,,,,,,,,,,,,,,,,,,,,,,,,,,,,,,
2499052089,509,6,2,64,34,v046no35g7ebk8lytdjmfb43,1,100,80.4,2023-01-21T10:10:24.458Z,2023-01-21T10:10:27Z,3986766237,233,751,3986766223,73,,3986766221,56,Left,,,,,,,,,,,,,,,,uyhh5u2ezau9f095symdh3sa,C. Armiento,,,,,,,,,,,,,,,,,,,,,,,,,,,,,,,,,,
2499052091,751,6,2,64,34,c33jm806py6adse5wv9wx6ch1,0,0,19.6,2023-01-21T10:10:24.458Z,2023-01-21T16:36:13Z,3986766241,233,509,3986766235,73,,3986766231,56,Back,,,,,,,,,,,,,,,,c00r3yls3lf245nbo93m9d6cq,M. Tilio,,,,,,,,,,,,,,,,,,,,,,,,,,,,,,,,,,
2499052117,510,1,2,65,11,v046no35g7ebk8lytdjmfb43,0,99.5,99.5,2023-01-21T10:11:01.113Z,2023-01-21T16:36:18Z,3986766415,6,,3986766423,140,96.3,3986766427,212,41.8,3986766429,213,4.6,3988037895,20,,3986766419,223,,3986766431,1,,3986766413,2,,abfwfqsv8o9xsnkor896869cl,J. O'Shea,,3986766425,141,38.3,3986766417,155,3986766421,56,Center,,,,,,,,,,,,,,,,,,,,,,,,,
2499052115,752,12,2,65,13,c33jm806py6adse5wv9wx6ch1,1,2.9,61.1,2023-01-21T10:11:03.897Z,2023-01-21T10:11:04Z,3986766411,15,,3986766405,141,63.3,3986766401,56,Back,3986766403,140,3.0,3986766407,212,1.5,3986766409,213,1.5,,,,,,,7cdvlgpi8g3e8ttspzvr1k251,M. Leckie,,,,,,,,,,,,,,,,,,,,,,,,,,,,,,,,,,
2499052129,753,43,2,65,14,c33jm806py6adse5wv9wx6ch1,1,0,0,2023-01-21T10:11:04.761Z,2023-01-21T10:11:18Z,3986766477,56,Back,3986766505,144,44,3986766481,233,511,3986766479,285,0,,,,,,,,,,,,,7cdvlgpi8g3e8ttspzvr1k251,M. Leckie,,,,,,,,,,,,,,,,,,,,,,,,,,,,,,,,,,
2499052119,511,43,2,65,14,v046no35g7ebk8lytdjmfb43,1,0,0,2023-01-21T10:11:04.762Z,2023-01-21T10:11:20Z,3986766435,56,Center,3986766437,286,0,3986766507,144,44,,,,,,,,,,,,,,,,3zl5ec82f8zebkxkfdz16e3th,T. Aldred,,,,,,,,,,,,,,,,,,,,,,,,,,,,,,,,,,
2499052121,512,61,2,65,15,v046no35g7ebk8lytdjmfb43,1,96.3,38.2,2023-01-21T10:11:05.406Z,2023-01-21T10:11:30Z,3986766439,56,Center,,,,,,,,,,,,,,,,,,,,,,7mgwfxva7w88k90jhjd1wx3o5,S. Neville,,,,,,,,,,,,,,,,,,,,,,,,,,,,,,,,,,
2499052127,513,1,2,65,18,v046no35g7ebk8lytdjmfb43,1,77.6,19.8,2023-01-21T10:11:08.937Z,2023-01-21T10:11:12Z,3986766467,140,71.7,3986766471,212,6.5,3986766473,213,3.5,3986766465,56,Right,3986766469,141,16.8,,,,,,,,,,1hcnrw2udxcdff6bre73sv1pm,H. Hore,,,,,,,,,,,,,,,,,,,,,,,,,,,,,,,,,,
2499052133,514,2,2,65,20,v046no35g7ebk8lytdjmfb43,1,68,21.9,2023-01-21T10:11:10.649Z,2023-01-21T16:36:57Z,3986766501,141,26.6,3986766497,56,Center,3986766495,7,3zl5ec82f8zebkxkfdz16e3th,3986766499,140,84.5,,,,,,,,,,,,,dhnssdf1iuorniavvla5zbwx6,K. Trewin,,,,,,,,,,,,,,,,,,,,,,,,,,,,,,,,,,
2499052131,754,55,2,65,20,c33jm806py6adse5wv9wx6ch1,1,13,56.6,2023-01-21T10:11:10.650Z,2023-01-21T16:36:58Z,3986766933,189,,,,,,,,,,,,,,,,,,,,,,,dnpala3bol8svyc2awng6iv9x,C. Good,,,,,,,,,,,,,,,,,,,,,,,,,,,,,,,,,,
2499052135,755,1,2,65,38,c33jm806py6adse5wv9wx6ch1,1,19.3,82.1,2023-01-21T10:11:28.649Z,2023-01-21T10:11:29Z,3986766535,213,4.3,3986766525,241,,3986766531,141,48.2,3986766529,140,10.6,3986766533,212,24.8,3986766527,56,Back,3986766523,5,,,,,8wbljx8706rh6uyhf8eegl1w5,S. Jamieson,,,,,,,,,,,,,,,,,,,,,,,,,,,,,,,,,,
2499052143,756,1,2,65,39,c33jm806py6adse5wv9wx6ch1,1,10.6,48.2,2023-01-21T10:11:29.785Z,2023-01-21T10:11:34Z,3986766563,212,24.8,3986766557,56,Back,3986766565,213,5.5,3986766559,140,26.7,3986766561,141,21.5,,,,,,,,,,77gcx1qotysu9hbi2hw2gjsvd,T. Glover,,,,,,,,,,,,,,,,,,,,,,,,,,,,,,,,,,
2499052149,757,1,2,65,44,c33jm806py6adse5wv9wx6ch1,1,52.2,14.1,2023-01-21T10:11:34.843Z,2023-01-21T10:11:39Z,3986766583,141,29.8,3986766577,155,,3986766587,213,0.4,3986766585,212,30.3,3986766579,56,Center,3986766581,140,79.2,,,,,,,cqoz8o1pse9uspkqvq3cmges5,S. Galloway,,,,,,,,,,,,,,,,,,,,,,,,,,,,,,,,,,
2499052151,758,1,2,65,49,c33jm806py6adse5wv9wx6ch1,0,97.3,32.4,2023-01-21T10:11:39.385Z,2023-01-21T10:11:42Z,3986766597,212,0.7,3986766593,140,97.6,3986766623,286,,3986766599,213,1.1,3986766619,233,515,3986766617,236,,3986766591,56,Center,3986766595,141,33.4,7q8urr40blud747zzb3io8w5x,R. van der Venne,,,,,,,,,,,,,,,,,,,,,,,,,,,,,,,,,,
2499052157,515,74,2,65,49,v046no35g7ebk8lytdjmfb43,1,2.3,70.9,2023-01-21T10:11:39.386Z,2023-01-21T10:45:42Z,3986766615,285,,3986766613,56,Back,3986766625,233,758,,,,,,,,,,,,,,,,dhnssdf1iuorniavvla5zbwx6,K. Trewin,,,,,,,,,,,,,,,,,,,,,,,,,,,,,,,,,,
2499052155,759,43,2,65,50,c33jm806py6adse5wv9wx6ch1,1,0,0,2023-01-21T10:11:40.953Z,2023-01-21T10:11:44Z,3986766635,144,61,3986766611,56,Center,,,,,,,,,,,,,,,,,,,7q8urr40blud747zzb3io8w5x,R. van der Venne,,,,,,,,,,,,,,,,,,,,,,,,,,,,,,,,,,
2499052159,516,6,2,65,53,v046no35g7ebk8lytdjmfb43,0,0.6,70,2023-01-21T10:11:43.113Z,2023-01-21T16:40:44Z,3986766653,233,760,3986766639,73,,3986766637,56,Back,,,,,,,,,,,,,,,,dhnssdf1iuorniavvla5zbwx6,K. Trewin,,,,,,,,,,,,,,,,,,,,,,,,,,,,,,,,,,
2499052161,760,6,2,65,53,c33jm806py6adse5wv9wx6ch1,1,99.4,30,2023-01-21T10:11:43.113Z,2023-01-21T10:22:19Z,3986766643,75,,3986766645,233,516,3986766641,56,Center,,,,,,,,,,,,,,,,7q8urr40blud747zzb3io8w5x,R. van der Venne,,,,,,,,,,,,,,,,,,,,,,,,,,,,,,,,,,
2499052173,761,1,2,65,59,c33jm806py6adse5wv9wx6ch1,1,99.5,0.5,2023-01-21T10:11:49.753Z,2023-01-21T10:11:52Z,3986766683,6,,3986766691,212,18.7,3986766687,140,84.4,3986766685,56,Right,3986766689,141,15.0,3986766693,213,2.6,,,,,,,7q8urr40blud747zzb3io8w5x,R. van der Venne,,,,,,,,,,,,,,,,,,,,,,,,,,,,,,,,,,
2499052175,762,1,2,66,2,c33jm806py6adse5wv9wx6ch1,0,84.7,17.9,2023-01-21T10:11:52.121Z,2023-01-21T16:40:50Z,3986766703,56,Center,3986766707,141,55.1,3988071017,72,,3986766709,212,27.2,3988071015,223,,3986766711,213,1.2,3986766699,2,,3986766705,140,94.3,c00r3yls3lf245nbo93m9d6cq,M. Tilio,,3986766701,155,,,,,,,,,,,,,,,,,,,,,,,,,,,,,,,
2499052177,517,12,2,66,6,v046no35g7ebk8lytdjmfb43,1,7,44.3,2023-01-21T10:11:56.089Z,2023-01-21T10:11:57Z,3986766725,213,5.2,3986766717,56,Back,3986766721,141,31.0,3986766719,140,12.1,3986766723,212,10.5,3986766727,15,,,,,,,,ez47kkcz2wgypddldq97yz2dx,C. Chapman,,,,,,,,,,,,,,,,,,,,,,,,,,,,,,,,,,
2499052185,518,61,2,66,9,v046no35g7ebk8lytdjmfb43,0,10.8,28.9,2023-01-21T10:11:59.545Z,2023-01-21T10:11:59Z,3986766745,56,Back,,,,,,,,,,,,,,,,,,,,,,c0p9hlssgk28sutlee99c24t1,J. Brindell-South,,,,,,,,,,,,,,,,,,,,,,,,,,,,,,,,,,
2499052191,763,1,2,66,12,c33jm806py6adse5wv9wx6ch1,0,96.6,82.4,2023-01-21T10:12:02.697Z,2023-01-21T16:41:03Z,3986766763,155,,3986766771,212,22.4,3986766767,140,91.4,3988072363,72,,3986766769,141,50.4,3988072361,224,,3986766765,56,Center,3986766773,213,4.5,7cdvlgpi8g3e8ttspzvr1k251,M. Leckie,,3986766761,2,,,,,,,,,,,,,,,,,,,,,,,,,,,,,,,
2499052195,519,44,2,66,14,v046no35g7ebk8lytdjmfb43,1,6,50.2,2023-01-21T10:12:04.744Z,2023-01-21T10:12:05Z,3986766783,285,,3986766785,233,764,3986766781,56,Back,,,,,,,,,,,,,,,,3zl5ec82f8zebkxkfdz16e3th,T. Aldred,,,,,,,,,,,,,,,,,,,,,,,,,,,,,,,,,,
2499052193,764,44,2,66,14,c33jm806py6adse5wv9wx6ch1,0,94,49.8,2023-01-21T10:12:04.745Z,2023-01-21T10:14:08Z,3986766779,286,,3986766777,56,Center,3986766809,233,519,,,,,,,,,,,,,,,,c00r3yls3lf245nbo93m9d6cq,M. Tilio,,,,,,,,,,,,,,,,,,,,,,,,,,,,,,,,,,
2499052197,520,12,2,66,15,v046no35g7ebk8lytdjmfb43,1,3.5,50.9,2023-01-21T10:12:05.241Z,2023-01-21T10:14:07Z,3986766793,141,64.8,3986766789,56,Back,3986766797,213,0.7,3986766795,212,14.1,3986766791,140,13.5,3986766807,15,,,,,,,,3zl5ec82f8zebkxkfdz16e3th,T. Aldred,,,,,,,,,,,,,,,,,,,,,,,,,,,,,,,,,,
2499052209,521,12,2,66,18,v046no35g7ebk8lytdjmfb43,1,14.4,66,2023-01-21T10:12:07.994Z,2023-01-21T10:12:12Z,3986766845,141,84.5,3986766841,56,Back,3986766849,213,0.4,3986766843,140,43.3,3986766847,212,32.8,,,,,,,,,,4s2umn33b5fo5zcpkwjcbry7d,J. Knowles,,,,,,,,,,,,,,,,,,,,,,,,,,,,,,,,,,
2499052219,765,1,2,66,22,c33jm806py6adse5wv9wx6ch1,1,45.4,20.9,2023-01-21T10:12:12.633Z,2023-01-21T10:12:19Z,3986766903,213,1.3,3986766895,56,Left,3986766899,141,79.7,3986766901,212,41.3,3986766897,140,55.2,3986766905,1,,,,,,,,cqoz8o1pse9uspkqvq3cmges5,S. Galloway,,,,,,,,,,,,,,,,,,,,,,,,,,,,,,,,,,
2499052225,766,1,2,66,28,c33jm806py6adse5wv9wx6ch1,1,58.1,84.5,2023-01-21T10:12:18.937Z,2023-01-21T10:12:23Z,3986766929,213,0.7,3986766921,56,Left,3986766925,141,96.8,3986766927,212,12.3,3986766923,140,66.7,,,,,,,,,,8wbljx8706rh6uyhf8eegl1w5,S. Jamieson,,,,,,,,,,,,,,,,,,,,,,,,,,,,,,,,,,
2499052231,767,1,2,66,32,c33jm806py6adse5wv9wx6ch1,1,68,93.8,2023-01-21T10:12:22.857Z,2023-01-21T10:12:25Z,3986766955,212,12.8,3986766951,140,61.2,3986766949,56,Center,3986766953,141,78.2,3986766957,213,4.1,,,,,,,,,,7cdvlgpi8g3e8ttspzvr1k251,M. Leckie,,,,,,,,,,,,,,,,,,,,,,,,,,,,,,,,,,
2499052233,768,1,2,66,35,c33jm806py6adse5wv9wx6ch1,1,61.4,71.7,2023-01-21T10:12:25.449Z,2023-01-21T10:12:27Z,3986766969,213,5.5,3986766963,140,70.5,3986766967,212,13.0,3986766965,141,58.7,3986766961,56,Center,,,,,,,,,,bcytv86dp6kqrsosu6gck9q7d,A. O'Neill,,,,,,,,,,,,,,,,,,,,,,,,,,,,,,,,,,
2499052239,769,1,2,66,37,c33jm806py6adse5wv9wx6ch1,1,70.5,58.7,2023-01-21T10:12:27.144Z,2023-01-21T10:12:30Z,3986766991,140,70.5,3986766995,212,4.1,3986766997,213,1.6,3986766993,141,64.8,3986766989,56,Center,,,,,,,,,,446scvw0ckoxnvnsqcqocve1h,V. Berisha,,,,,,,,,,,,,,,,,,,,,,,,,,,,,,,,,,
2499052241,770,50,2,66,40,c33jm806py6adse5wv9wx6ch1,1,80.9,50.5,2023-01-21T10:12:29.994Z,2023-01-21T10:12:33Z,3986767001,56,Center,3986767027,233,522,3986767003,286,,,,,,,,,,,,,,,,,bcytv86dp6kqrsosu6gck9q7d,A. O'Neill,,,,,,,,,,,,,,,,,,,,,,,,,,,,,,,,,,
2499052249,522,7,2,66,40,v046no35g7ebk8lytdjmfb43,0,19.1,49.5,2023-01-21T10:12:29.995Z,2023-01-21T16:41:19Z,3986767023,233,770,3988074419,385,,3986767015,56,Back,3986767017,285,,,,,,,,,,,,,,7mgwfxva7w88k90jhjd1wx3o5,S. Neville,,,,,,,,,,,,,,,,,,,,,,,,,,,,,,,,,,
2499052245,771,61,2,66,40,c33jm806py6adse5wv9wx6ch1,1,79.8,50.7,2023-01-21T10:12:30.665Z,2023-01-21T10:12:30Z,3986767009,56,Center,,,,,,,,,,,,,,,,,,,,,,bcytv86dp6kqrsosu6gck9q7d,A. O'Neill,,,,,,,,,,,,,,,,,,,,,,,,,,,,,,,,,,
2499052315,523,12,2,66,43,v046no35g7ebk8lytdjmfb43,1,14.4,51,2023-01-21T10:12:33.368Z,2023-01-21T10:13:21Z,3986767281,212,32.8,3986767279,141,42.4,3986767275,56,Back,3986767277,140,45.1,3986767283,213,6.1,,,,,,,,,,ez47kkcz2wgypddldq97yz2dx,C. Chapman,,,,,,,,,,,,,,,,,,,,,,,,,,,,,,,,,,
2499052257,772,1,2,66,43,c33jm806py6adse5wv9wx6ch1,1,52.6,56.6,2023-01-21T10:12:33.881Z,2023-01-21T10:12:35Z,3986767051,140,65.2,3986767055,212,20.9,3986767049,56,Center,3986767047,3,,3986767057,213,5.4,3986767053,141,32.8,,,,,,,dnpala3bol8svyc2awng6iv9x,C. Good,,,,,,,,,,,,,,,,,,,,,,,,,,,,,,,,,,
2499052259,773,43,2,66,45,c33jm806py6adse5wv9wx6ch1,1,0,0,2023-01-21T10:12:35.707Z,2023-01-21T10:12:37Z,3986767087,144,49,,,,,,,,,,,,,,,,,,,,,,7q8urr40blud747zzb3io8w5x,R. van der Venne,,,,,,,,,,,,,,,,,,,,,,,,,,,,,,,,,,
2499052263,774,1,2,66,46,c33jm806py6adse5wv9wx6ch1,1,65.2,32.8,2023-01-21T10:12:36.312Z,2023-01-21T10:12:37Z,3986767077,156,,3986767069,141,25.8,3986767065,56,Center,3986767073,213,3.9,3986767067,140,60.2,3986767071,212,7.1,,,,,,,7q8urr40blud747zzb3io8w5x,R. van der Venne,,,,,,,,,,,,,,,,,,,,,,,,,,,,,,,,,,
2499052273,775,1,2,66,48,c33jm806py6adse5wv9wx6ch1,1,58.2,22.4,2023-01-21T10:12:38.857Z,2023-01-21T10:12:44Z,3986767109,140,63.9,3986767113,212,20.1,3986767111,141,50.6,3986767107,56,Center,3986767115,213,1.3,,,,,,,,,,cqoz8o1pse9uspkqvq3cmges5,S. Galloway,,,,,,,,,,,,,,,,,,,,,,,,,,,,,,,,,,
2499052281,776,1,2,66,54,c33jm806py6adse5wv9wx6ch1,1,73,60.8,2023-01-21T10:12:44.745Z,2023-01-21T10:12:48Z,3986767135,140,69.0,3986767141,213,4.3,3986767139,212,10.7,3986767133,56,Center,3986767137,141,46.4,,,,,,,,,,446scvw0ckoxnvnsqcqocve1h,V. Berisha,,,,,,,,,,,,,,,,,,,,,,,,,,,,,,,,,,
2499052283,777,1,2,66,58,c33jm806py6adse5wv9wx6ch1,0,69,46.4,2023-01-21T10:12:47.977Z,2023-01-21T10:12:49Z,3986767153,213,1.4,3986767147,140,70.8,3986767145,56,Center,3986767149,141,64.8,3986767151,212,12.7,,,,,,,,,,7q8urr40blud747zzb3io8w5x,R. van der Venne,,,,,,,,,,,,,,,,,,,,,,,,,,,,,,,,,,
2499052287,778,81,2,66,59,c33jm806py6adse5wv9wx6ch1,0,70.8,64.8,2023-01-21T10:12:49.945Z,2023-01-21T10:12:50Z,3986767159,380,,,,,,,,,,,,,,,,,,,,,,,,,,,,,,,,,,,,,,,,,,,,,,,,,,,,,,,,,,
2499055549,749,27,2,67,0,v046no35g7ebk8lytdjmfb43,1,0,0,2023-01-21T10:12:49.961Z,2023-01-21T10:45:21Z,3986784739,233,1048,,,,,,,,,,,,,,,,,,,,,,,,,,,,,,,,,,,,,,,,,,,,,,,,,,,,,,,,,
2499055551,1048,27,2,67,0,c33jm806py6adse5wv9wx6ch1,1,0,0,2023-01-21T10:12:49.961Z,2023-01-21T10:45:21Z,3986784743,233,749,,,,,,,,,,,,,,,,,,,,,,,,,,,,,,,,,,,,,,,,,,,,,,,,,,,,,,,,,
2499055555,750,28,2,67,15,v046no35g7ebk8lytdjmfb43,1,0,0,2023-01-21T10:13:04.961Z,2023-01-21T10:45:46Z,3986784747,233,1049,3986784657,55,749,,,,,,,,,,,,,,,,,,,,,,,,,,,,,,,,,,,,,,,,,,,,,,,,,,,,,,
2499055565,1049,28,2,67,15,c33jm806py6adse5wv9wx6ch1,1,0,0,2023-01-21T10:13:04.961Z,2023-01-21T10:45:21Z,3986784751,233,750,3986784703,55,1048,,,,,,,,,,,,,,,,,,,,,,,,,,,,,,,,,,,,,,,,,,,,,,,,,,,,,,
2499052305,779,18,2,67,20,c33jm806py6adse5wv9wx6ch1,1,0,0,2023-01-21T10:13:10.850Z,2023-01-21T16:41:50Z,3986767245,55,780,3986767223,44,Forward,3986767225,59,23,3986767221,42,,,,,,,,,,,,,,c00r3yls3lf245nbo93m9d6cq,M. Tilio,,,,,,,,,,,,,,,,,,,,,,,,,,,,,,,,,,
2499052307,780,19,2,67,20,c33jm806py6adse5wv9wx6ch1,1,0,0,2023-01-21T10:13:10.851Z,2023-01-21T16:41:50Z,3986767235,292,7,3986767231,145,7,3986767239,44,Midfielder,3986767241,55,779,3986767227,42,,3986767233,59,15,3986767237,293,2,,,,af7c4t8wp0341io4x0dl02ac5,A. Nabbout,,,,,,,,,,,,,,,,,,,,,,,,,,,,,,,,,,
2499052323,781,68,2,67,30,c33jm806py6adse5wv9wx6ch1,1,0,0,2023-01-21T10:13:20.490Z,2023-01-21T10:13:20Z,3986767305,354,,,,,,,,,,,,,,,,,,,,,,,,,,,,,,,,,,,,,,,,,,,,,,,,,,,,,,,,,,
2499052505,529,68,2,67,30,v046no35g7ebk8lytdjmfb43,0,0,0,2023-01-21T10:13:20.545Z,2023-01-21T10:15:33Z,3986768211,354,,,,,,,,,,,,,,,,,,,,,,,,,,,,,,,,,,,,,,,,,,,,,,,,,,,,,,,,,,
2499052329,782,1,2,67,31,c33jm806py6adse5wv9wx6ch1,1,69.7,56.7,2023-01-21T10:13:21.896Z,2023-01-21T10:13:23Z,3986767321,140,57.6,3986767325,212,18.0,3986767327,213,2.4,3986767319,56,Center,3986767323,141,75.4,,,,,,,,,,7q8urr40blud747zzb3io8w5x,R. van der Venne,,,,,,,,,,,,,,,,,,,,,,,,,,,,,,,,,,
2499052337,783,1,2,67,32,c33jm806py6adse5wv9wx6ch1,1,57.6,75.4,2023-01-21T10:13:22.953Z,2023-01-21T10:13:26Z,3986767353,212,9.9,3986767347,56,Left,3986767349,140,62.5,3986767355,213,1.0,3986767351,141,87.8,,,,,,,,,,dnpala3bol8svyc2awng6iv9x,C. Good,,,,,,,,,,,,,,,,,,,,,,,,,,,,,,,,,,
2499052343,784,1,2,67,36,c33jm806py6adse5wv9wx6ch1,1,62.9,75.6,2023-01-21T10:13:26.792Z,2023-01-21T16:42:14Z,3986767369,140,63.0,3986767377,1,,3986767373,212,36.8,3988081255,155,,3986767371,141,21.5,3986767367,56,Center,3986767375,213,4.7,,,,8wbljx8706rh6uyhf8eegl1w5,S. Jamieson,,,,,,,,,,,,,,,,,,,,,,,,,,,,,,,,,,
2499052345,785,1,2,67,39,c33jm806py6adse5wv9wx6ch1,1,65.3,19.4,2023-01-21T10:13:29.480Z,2023-01-21T10:13:31Z,3986767385,140,75.8,3986767389,212,13.4,3986767383,56,Right,3986767391,213,5.7,3986767387,141,8.2,,,,,,,,,,cqoz8o1pse9uspkqvq3cmges5,S. Galloway,,,,,,,,,,,,,,,,,,,,,,,,,,,,,,,,,,
2499052351,786,1,2,67,41,c33jm806py6adse5wv9wx6ch1,1,74.5,9.1,2023-01-21T10:13:31.304Z,2023-01-21T10:13:33Z,3986767409,212,12.7,3986767405,140,62.7,3986767411,213,2.9,3986767407,141,12.9,3986767403,56,Right,,,,,,,,,,af7c4t8wp0341io4x0dl02ac5,A. Nabbout,,,,,,,,,,,,,,,,,,,,,,,,,,,,,,,,,,
2499052367,787,1,2,67,43,c33jm806py6adse5wv9wx6ch1,1,66.8,7.7,2023-01-21T10:13:33.768Z,2023-01-21T16:42:25Z,3986767463,213,2.2,3986767457,140,53.7,3986767455,56,Center,3986767461,212,25.1,3986767459,141,38.6,,,,,,,,,,cqoz8o1pse9uspkqvq3cmges5,S. Galloway,,,,,,,,,,,,,,,,,,,,,,,,,,,,,,,,,,
2499052369,788,1,2,67,50,c33jm806py6adse5wv9wx6ch1,1,52.8,53.9,2023-01-21T10:13:40.200Z,2023-01-21T10:13:42Z,3986767475,140,56.5,3986767479,212,22.6,3986767481,213,1.4,3986767473,56,Left,3986767477,141,86.6,,,,,,,,,,bdo2grdx1mgm63gii3zar50id,T. Lam,,,,,,,,,,,,,,,,,,,,,,,,,,,,,,,,,,
2499052381,789,1,2,67,52,c33jm806py6adse5wv9wx6ch1,1,56.5,86.6,2023-01-21T10:13:42.056Z,2023-01-21T10:13:47Z,3986767517,212,7.0,3986767513,140,62.6,3986767511,56,Left,3986767519,213,0.4,3986767515,141,90.6,,,,,,,,,,dnpala3bol8svyc2awng6iv9x,C. Good,,,,,,,,,,,,,,,,,,,,,,,,,,,,,,,,,,
2499052393,790,1,2,67,57,c33jm806py6adse5wv9wx6ch1,1,61,77,2023-01-21T10:13:47.464Z,2023-01-21T10:13:52Z,3986767551,56,Center,3986767561,1,,3986767555,141,24.1,3986767559,213,4.6,3986767557,212,36.2,3986767553,140,57.1,,,,,,,446scvw0ckoxnvnsqcqocve1h,V. Berisha,,,,,,,,,,,,,,,,,,,,,,,,,,,,,,,,,,
2499052401,791,1,2,68,2,c33jm806py6adse5wv9wx6ch1,1,63.8,23.7,2023-01-21T10:13:52.680Z,2023-01-21T10:13:55Z,3986767589,213,5.5,3986767587,212,16.5,3986767583,140,74.5,3986767581,56,Right,3986767585,141,5.9,,,,,,,,,,cqoz8o1pse9uspkqvq3cmges5,S. Galloway,,,,,,,,,,,,,,,,,,,,,,,,,,,,,,,,,,
2499052409,792,1,2,68,5,c33jm806py6adse5wv9wx6ch1,0,73.1,16.4,2023-01-21T10:13:55.672Z,2023-01-21T10:13:58Z,3986767613,141,12.5,3986767609,56,Right,3986767617,213,6.1,3986767615,212,15.6,3986767611,140,87.7,,,,,,,,,,af7c4t8wp0341io4x0dl02ac5,A. Nabbout,,,,,,,,,,,,,,,,,,,,,,,,,,,,,,,,,,
2499052413,524,4,2,68,8,v046no35g7ebk8lytdjmfb43,1,11.2,85.2,2023-01-21T10:13:58.743Z,2023-01-21T10:14:00Z,3986767645,285,,3986767641,152,,3986767637,13,,3986767633,233,793,3986767643,265,,3986767639,56,Back,,,,,,,ez47kkcz2wgypddldq97yz2dx,C. Chapman,,,,,,,,,,,,,,,,,,,,,,,,,,,,,,,,,,
2499052411,793,4,2,68,8,c33jm806py6adse5wv9wx6ch1,0,88.8,14.8,2023-01-21T10:13:58.744Z,2023-01-21T10:14:00Z,3986767629,265,,3986767623,13,,3986767627,152,,3986767631,286,,3986767625,56,Right,3986767655,233,524,,,,,,,cqoz8o1pse9uspkqvq3cmges5,S. Galloway,,,,,,,,,,,,,,,,,,,,,,,,,,,,,,,,,,
2499052453,525,1,2,68,45,v046no35g7ebk8lytdjmfb43,1,13,86.3,2023-01-21T10:14:35.433Z,2023-01-21T10:14:41Z,3986767803,157,,3986767807,56,Left,3986767813,212,65.8,3986767809,140,75.7,3986767817,1,,3986767815,213,6.3,3986767811,141,85.9,3986767805,152,,cb0y1hi0ozn1rx00vx6a1xr6x,J. Holmes,,3986767801,5,,,,,,,,,,,,,,,,,,,,,,,,,,,,,,,
2499052455,526,61,2,68,48,v046no35g7ebk8lytdjmfb43,0,76.2,85.4,2023-01-21T10:14:38.138Z,2023-01-21T10:14:43Z,3986767821,56,Left,,,,,,,,,,,,,,,,,,,,,,uyhh5u2ezau9f095symdh3sa,C. Armiento,,,,,,,,,,,,,,,,,,,,,,,,,,,,,,,,,,
2499052451,794,49,2,68,50,c33jm806py6adse5wv9wx6ch1,1,22.5,16.8,2023-01-21T10:14:39.993Z,2023-01-21T10:14:40Z,,,,,,,,,,,,,,,,,,,,,,,,,cqoz8o1pse9uspkqvq3cmges5,S. Galloway,,,,,,,,,,,,,,,,,,,,,,,,,,,,,,,,,,
2499052457,795,1,2,68,50,c33jm806py6adse5wv9wx6ch1,1,22.5,16.8,2023-01-21T10:14:40.168Z,2023-01-21T10:14:41Z,3986767831,141,34.0,3986767835,213,1.7,3986767829,140,20.5,3986767827,56,Back,3986767833,212,11.9,,,,,,,,,,cqoz8o1pse9uspkqvq3cmges5,S. Galloway,,,,,,,,,,,,,,,,,,,,,,,,,,,,,,,,,,
2499052469,796,1,2,68,51,c33jm806py6adse5wv9wx6ch1,1,20.5,34,2023-01-21T10:14:41.544Z,2023-01-21T10:14:48Z,3986767873,140,23.7,3986767877,212,26.1,3986767879,213,1.4,3986767875,141,72.1,3986767871,56,Back,,,,,,,,,,dnpala3bol8svyc2awng6iv9x,C. Good,,,,,,,,,,,,,,,,,,,,,,,,,,,,,,,,,,
2499052471,797,1,2,68,58,c33jm806py6adse5wv9wx6ch1,1,43.9,80.2,2023-01-21T10:14:48.023Z,2023-01-21T10:14:49Z,3986767887,56,Left,3986767895,213,0.0,3986767891,141,80.9,3986767893,212,19.5,3986767889,140,62.5,,,,,,,,,,8wbljx8706rh6uyhf8eegl1w5,S. Jamieson,,,,,,,,,,,,,,,,,,,,,,,,,,,,,,,,,,
2499052473,798,1,2,68,59,c33jm806py6adse5wv9wx6ch1,1,62.5,80.9,2023-01-21T10:14:49.592Z,2023-01-21T10:42:26Z,3986767915,213,3.4,3986767911,141,80.0,3986767907,56,Left,3986767913,212,2.5,3986767909,140,60.2,,,,,,,,,,7cdvlgpi8g3e8ttspzvr1k251,M. Leckie,,,,,,,,,,,,,,,,,,,,,,,,,,,,,,,,,,
2499052477,799,1,2,69,2,c33jm806py6adse5wv9wx6ch1,1,60.2,80,2023-01-21T10:14:52.311Z,2023-01-21T10:14:54Z,3986767941,212,35.5,3986767945,1,,3986767935,56,Center,3986767937,140,66.2,3986767939,141,28.6,3986767943,213,4.9,,,,,,,446scvw0ckoxnvnsqcqocve1h,V. Berisha,,,,,,,,,,,,,,,,,,,,,,,,,,,,,,,,,,
2499052483,800,1,2,69,5,c33jm806py6adse5wv9wx6ch1,1,70.5,32.2,2023-01-21T10:14:55.832Z,2023-01-21T10:15:00Z,3986767969,140,85.9,3986767973,212,19.8,3986767967,56,Right,3986767971,141,15.5,3986767975,213,5.7,,,,,,,,,,7q8urr40blud747zzb3io8w5x,R. van der Venne,,,,,,,,,,,,,,,,,,,,,,,,,,,,,,,,,,
2499052485,801,1,2,69,10,c33jm806py6adse5wv9wx6ch1,1,77,30.9,2023-01-21T10:15:00.152Z,2023-01-21T10:15:03Z,3986767989,140,77.3,3986767993,212,7.0,3986767991,141,20.6,3986767995,213,4.8,3986767987,56,Right,,,,,,,,,,af7c4t8wp0341io4x0dl02ac5,A. Nabbout,,,,,,,,,,,,,,,,,,,,,,,,,,,,,,,,,,
2499052487,802,1,2,69,13,c33jm806py6adse5wv9wx6ch1,0,75.8,26.2,2023-01-21T10:15:03.064Z,2023-01-21T16:43:37Z,3986768011,56,Center,3986768015,141,55.1,3986768005,2,,3986768019,213,0.9,3986768007,155,,3988091111,223,,3988090613,72,,3986768017,212,25.5,7q8urr40blud747zzb3io8w5x,R. van der Venne,,3986768013,140,91.3,,,,,,,,,,,,,,,,,,,,,,,,,,,,,,
2499052489,527,12,2,69,15,v046no35g7ebk8lytdjmfb43,1,7.8,44.8,2023-01-21T10:15:05.256Z,2023-01-21T10:15:07Z,3986768027,141,35.4,3986768023,56,Back,3986768029,212,10.7,3986768041,167,,3986768055,15,,3986768025,140,0.0,3986768031,213,3.8,,,,7mgwfxva7w88k90jhjd1wx3o5,S. Neville,,,,,,,,,,,,,,,,,,,,,,,,,,,,,,,,,,
2499052491,528,6,2,69,15,v046no35g7ebk8lytdjmfb43,0,4.2,40.2,2023-01-21T10:15:05.650Z,2023-01-21T16:43:45Z,3986768047,233,803,3986768035,73,,3986768033,56,Back,,,,,,,,,,,,,,,,7mgwfxva7w88k90jhjd1wx3o5,S. Neville,,,,,,,,,,,,,,,,,,,,,,,,,,,,,,,,,,
2499052493,803,6,2,69,15,c33jm806py6adse5wv9wx6ch1,1,95.8,59.8,2023-01-21T10:15:05.650Z,2023-01-21T10:22:20Z,3986768039,73,,3986768043,233,528,3986768037,56,Center,,,,,,,,,,,,,,,,7q8urr40blud747zzb3io8w5x,R. van der Venne,,,,,,,,,,,,,,,,,,,,,,,,,,,,,,,,,,
2499052517,804,1,2,69,55,c33jm806py6adse5wv9wx6ch1,0,99.5,99.5,2023-01-21T10:15:45.912Z,2023-01-21T16:43:51Z,3986768273,155,,3986768283,212,34.1,3986768287,1,,3986768277,56,Center,3986768285,213,4.6,3986768275,223,,3986768281,141,49.7,3986768271,6,,446scvw0ckoxnvnsqcqocve1h,V. Berisha,,3986768269,2,,3986768313,233,3986768279,140,95.4,3988092727,20,,,,,,,,,,,,530,,,,,,,,,,,
2499052519,530,41,2,69,58,v046no35g7ebk8lytdjmfb43,1,3.3,51.8,2023-01-21T10:15:48.775Z,2023-01-21T16:43:56Z,3986768301,212,36.0,3988093187,378,,3986768299,141,100.0,3986768297,140,15.4,3986768317,233,804,3986768303,213,1.2,,,,,,,cb0y1hi0ozn1rx00vx6a1xr6x,J. Holmes,,,,,,,,,,,,,,,,,,,,,,,,,,,,,,,,,,
2499052521,531,5,2,70,2,v046no35g7ebk8lytdjmfb43,0,14.3,101.4,2023-01-21T10:15:52.456Z,2023-01-21T10:45:15Z,3986768339,233,805,3986768309,56,Back,3986768311,347,,,,,,,,,,,,,,,,,cb0y1hi0ozn1rx00vx6a1xr6x,J. Holmes,,,,,,,,,,,,,,,,,,,,,,,,,,,,,,,,,,
2499052527,805,5,2,70,2,c33jm806py6adse5wv9wx6ch1,1,85.7,-1.4,2023-01-21T10:15:52.456Z,2023-01-21T10:15:59Z,3986768331,56,Right,3986768335,233,531,3986768333,347,,,,,,,,,,,,,,,,,7q8urr40blud747zzb3io8w5x,R. van der Venne,,,,,,,,,,,,,,,,,,,,,,,,,,,,,,,,,,
2499052529,806,1,2,70,7,c33jm806py6adse5wv9wx6ch1,1,86.8,0,2023-01-21T10:15:57.919Z,2023-01-21T10:16:11Z,3986768351,212,9.6,3986768345,56,Right,3986768349,141,9.4,3986768347,140,80.9,3986768343,107,,3986768353,213,2.3,,,,,,,7q8urr40blud747zzb3io8w5x,R. van der Venne,,,,,,,,,,,,,,,,,,,,,,,,,,,,,,,,,,
2499052545,810,1,2,70,8,c33jm806py6adse5wv9wx6ch1,1,84.5,4.9,2023-01-21T10:15:58.151Z,2023-01-21T10:16:14Z,3986768443,213,3.1,3986768439,141,5.2,3986768437,140,79.1,3986768435,56,Right,3986768441,212,5.7,,,,,,,,,,af7c4t8wp0341io4x0dl02ac5,A. Nabbout,,,,,,,,,,,,,,,,,,,,,,,,,,,,,,,,,,
2499052535,807,1,2,70,10,c33jm806py6adse5wv9wx6ch1,1,80.9,9.4,2023-01-21T10:16:00.263Z,2023-01-21T10:16:05Z,3986768377,56,Right,3986768383,212,14.6,3986768381,141,8.3,3986768379,140,94.8,3986768385,213,6.2,,,,,,,,,,7q8urr40blud747zzb3io8w5x,R. van der Venne,,,,,,,,,,,,,,,,,,,,,,,,,,,,,,,,,,
2499052537,808,61,2,70,15,c33jm806py6adse5wv9wx6ch1,0,96.4,2.2,2023-01-21T10:16:05.448Z,2023-01-21T10:16:05Z,3986768389,56,Right,,,,,,,,,,,,,,,,,,,,,,af7c4t8wp0341io4x0dl02ac5,A. Nabbout,,,,,,,,,,,,,,,,,,,,,,,,,,,,,,,,,,
2499052547,532,5,2,70,15,v046no35g7ebk8lytdjmfb43,1,5.2,101.7,2023-01-21T10:16:05.735Z,2023-01-21T10:45:16Z,3986768459,56,Back,3986768461,347,,3986768463,233,809,,,,,,,,,,,,,,,,cb0y1hi0ozn1rx00vx6a1xr6x,J. Holmes,,,,,,,,,,,,,,,,,,,,,,,,,,,,,,,,,,
2499052539,809,5,2,70,15,c33jm806py6adse5wv9wx6ch1,0,94.8,-1.7,2023-01-21T10:16:05.735Z,2023-01-21T10:16:21Z,3986768395,56,Right,3986768397,347,,3986768467,233,532,,,,,,,,,,,,,,,,af7c4t8wp0341io4x0dl02ac5,A. Nabbout,,,,,,,,,,,,,,,,,,,,,,,,,,,,,,,,,,
2499052551,533,1,2,70,30,v046no35g7ebk8lytdjmfb43,1,7.9,100,2023-01-21T10:16:20.647Z,2023-01-21T10:16:22Z,3986768489,56,Back,3986768493,141,96.8,3986768497,213,6.0,3986768485,107,,3986768495,212,13.6,3986768491,140,20.5,,,,,,,bhl2kwvi52osrdsdnbtw45lyi,J. Courtney-Perkins,,,,,,,,,,,,,,,,,,,,,,,,,,,,,,,,,,
2499052555,534,1,2,70,32,v046no35g7ebk8lytdjmfb43,1,13.9,95.9,2023-01-21T10:16:22.503Z,2023-01-21T16:44:17Z,3988095473,156,,3986768507,140,7.2,3986768511,212,7.3,3986768513,213,3.4,3986768505,56,Back,3986768509,141,93.2,,,,,,,1hcnrw2udxcdff6bre73sv1pm,H. Hore,,,,,,,,,,,,,,,,,,,,,,,,,,,,,,,,,,
2499052559,535,1,2,70,33,v046no35g7ebk8lytdjmfb43,0,7.1,92.9,2023-01-21T10:16:23.577Z,2023-01-21T17:23:44Z,3986768531,213,6.1,3986768529,212,3.9,3988096383,286,,3986768525,140,10.8,3988095951,157,,3988250849,233,811,3986768523,56,Back,3986768527,141,92.0,bhl2kwvi52osrdsdnbtw45lyi,J. Courtney-Perkins,,3988095953,1,,3988096381,236,,,,,,,,,,,,,,,,,,,,,,,,,,,,
2499052557,811,74,2,70,33,c33jm806py6adse5wv9wx6ch1,1,82.8,8.9,2023-01-21T10:16:23.578Z,2023-01-21T10:16:25Z,3986768519,285,,3986768547,233,535,3986768517,56,Right,,,,,,,,,,,,,,,,af7c4t8wp0341io4x0dl02ac5,A. Nabbout,,,,,,,,,,,,,,,,,,,,,,,,,,,,,,,,,,
2499052565,536,1,2,70,36,v046no35g7ebk8lytdjmfb43,0,8.2,87.1,2023-01-21T10:16:26.073Z,2023-01-21T16:44:31Z,3986768567,56,Back,3986768571,141,85.7,3988097079,1,,3986768575,213,6.2,3986768569,140,27.9,3986768573,212,20.7,3988097077,157,,,,,ez47kkcz2wgypddldq97yz2dx,C. Chapman,,,,,,,,,,,,,,,,,,,,,,,,,,,,,,,,,,
2499052567,812,8,2,70,37,c33jm806py6adse5wv9wx6ch1,1,67.4,11.1,2023-01-21T10:16:27.159Z,2023-01-21T16:44:37Z,3986768577,56,Right,3988097747,385,,3986768579,15,,,,,,,,,,,,,,,,,bcytv86dp6kqrsosu6gck9q7d,A. O'Neill,,,,,,,,,,,,,,,,,,,,,,,,,,,,,,,,,,
2499052571,537,44,2,70,40,v046no35g7ebk8lytdjmfb43,1,32.1,77.9,2023-01-21T10:16:30.039Z,2023-01-21T10:16:31Z,3986768597,56,Back,3986768599,285,,3986768617,233,813,,,,,,,,,,,,,,,,abfwfqsv8o9xsnkor896869cl,J. O'Shea,,,,,,,,,,,,,,,,,,,,,,,,,,,,,,,,,,
2499052573,813,44,2,70,40,c33jm806py6adse5wv9wx6ch1,0,67.9,22.1,2023-01-21T10:16:30.040Z,2023-01-21T10:16:31Z,3986768621,233,537,3986768601,56,Center,3986768603,286,,,,,,,,,,,,,,,,,446scvw0ckoxnvnsqcqocve1h,V. Berisha,,,,,,,,,,,,,,,,,,,,,,,,,,,,,,,,,,
2499052575,538,1,2,70,40,v046no35g7ebk8lytdjmfb43,0,27.7,75.9,2023-01-21T10:16:30.328Z,2023-01-21T10:16:30Z,3986768613,212,9.3,3986768605,3,,3986768609,140,36.6,3986768615,213,6.3,3986768607,56,Back,3986768611,141,75.7,,,,,,,abfwfqsv8o9xsnkor896869cl,J. O'Shea,,,,,,,,,,,,,,,,,,,,,,,,,,,,,,,,,,
2499052577,814,49,2,70,41,c33jm806py6adse5wv9wx6ch1,1,61,21.9,2023-01-21T10:16:31.480Z,2023-01-21T10:16:31Z,,,,,,,,,,,,,,,,,,,,,,,,,bcytv86dp6kqrsosu6gck9q7d,A. O'Neill,,,,,,,,,,,,,,,,,,,,,,,,,,,,,,,,,,
2499052581,815,50,2,70,42,c33jm806py6adse5wv9wx6ch1,1,61.6,23.2,2023-01-21T10:16:32.456Z,2023-01-21T10:16:37Z,3986768661,233,539,3986768633,56,Center,3986768635,286,,,,,,,,,,,,,,,,,bcytv86dp6kqrsosu6gck9q7d,A. O'Neill,,,,,,,,,,,,,,,,,,,,,,,,,,,,,,,,,,
2499052585,539,7,2,70,42,v046no35g7ebk8lytdjmfb43,1,38.4,76.8,2023-01-21T10:16:32.457Z,2023-01-21T16:44:41Z,3988098381,384,,3986768651,285,,3986768649,56,Back,3986768657,233,815,,,,,,,,,,,,,uyhh5u2ezau9f095symdh3sa,C. Armiento,,,,,,,,,,,,,,,,,,,,,,,,,,,,,,,,,,
2499052587,540,49,2,70,46,v046no35g7ebk8lytdjmfb43,1,32.8,76.9,2023-01-21T10:16:36.775Z,2023-01-21T10:16:37Z,,,,,,,,,,,,,,,,,,,,,,,,,1hcnrw2udxcdff6bre73sv1pm,H. Hore,,,,,,,,,,,,,,,,,,,,,,,,,,,,,,,,,,
2499052591,541,1,2,70,48,v046no35g7ebk8lytdjmfb43,1,44.7,67.9,2023-01-21T10:16:38.007Z,2023-01-21T10:16:40Z,3986768685,213,4.7,3986768679,140,45.8,3986768681,141,10.7,3986768683,212,38.9,3986768677,56,Back,3986768687,1,,,,,,,,1hcnrw2udxcdff6bre73sv1pm,H. Hore,,,,,,,,,,,,,,,,,,,,,,,,,,,,,,,,,,
2499052593,542,1,2,70,50,v046no35g7ebk8lytdjmfb43,0,54.1,8.3,2023-01-21T10:16:40.647Z,2023-01-21T10:16:42Z,3986768707,213,0.6,3986768703,141,24.3,3986768701,140,67.8,3986768699,56,Center,3986768705,212,18.0,,,,,,,,,,c0p9hlssgk28sutlee99c24t1,J. Brindell-South,,,,,,,,,,,,,,,,,,,,,,,,,,,,,,,,,,
2499052597,816,1,2,70,53,c33jm806py6adse5wv9wx6ch1,0,23.6,72.4,2023-01-21T10:16:43.959Z,2023-01-21T10:16:46Z,3986768723,212,5.6,3986768719,140,28.9,3986768725,213,0,3986768717,56,Back,3986768721,141,72.4,,,,,,,,,,dnpala3bol8svyc2awng6iv9x,C. Good,,,,,,,,,,,,,,,,,,,,,,,,,,,,,,,,,,
2499052603,543,1,2,70,55,v046no35g7ebk8lytdjmfb43,0,57.9,26.4,2023-01-21T10:16:45.687Z,2023-01-21T10:48:32Z,3986768753,140,45.7,3986768757,212,12.9,3986768755,141,24.1,3986768759,213,3.3,3986768751,56,Back,,,,,,,,,,dhnssdf1iuorniavvla5zbwx6,K. Trewin,,,,,,,,,,,,,,,,,,,,,,,,,,,,,,,,,,
2499052609,544,43,2,70,59,v046no35g7ebk8lytdjmfb43,1,0,0,2023-01-21T10:16:49.423Z,2023-01-21T10:20:58Z,3986768771,56,Back,3986768779,233,817,3986770719,144,3,3986768773,286,0,,,,,,,,,,,,,abfwfqsv8o9xsnkor896869cl,J. O'Shea,,,,,,,,,,,,,,,,,,,,,,,,,,,,,,,,,,
2499052605,817,1,2,70,59,c33jm806py6adse5wv9wx6ch1,0,52.7,76.7,2023-01-21T10:16:49.424Z,2023-01-21T10:20:57Z,3986770707,236,,3986770709,233,545,3986770425,212,1.5,3986770713,286,,3986770421,140,54.1,3986768763,56,Center,3986770423,141,76.7,3986770427,213,0,7cdvlgpi8g3e8ttspzvr1k251,M. Leckie,,,,,,,,,,,,,,,,,,,,,,,,,,,,,,,,,,
2499052611,545,74,2,70,59,v046no35g7ebk8lytdjmfb43,1,45.5,24.1,2023-01-21T10:16:49.425Z,2023-01-21T10:45:43Z,3986768783,56,Back,3986770701,285,,3986770715,233,817,,,,,,,,,,,,,,,,abfwfqsv8o9xsnkor896869cl,J. O'Shea,,,,,,,,,,,,,,,,,,,,,,,,,,,,,,,,,,
2499052613,546,5,2,71,1,v046no35g7ebk8lytdjmfb43,0,47.4,-1,2023-01-21T10:16:51.880Z,2023-01-21T10:45:16Z,3986768803,233,818,3986768785,56,Back,3986768787,347,,,,,,,,,,,,,,,,,abfwfqsv8o9xsnkor896869cl,J. O'Shea,,,,,,,,,,,,,,,,,,,,,,,,,,,,,,,,,,
2499052615,818,5,2,71,1,c33jm806py6adse5wv9wx6ch1,1,52.6,101,2023-01-21T10:16:51.880Z,2023-01-21T10:16:54Z,3986768789,56,Left,3986768793,233,546,3986768791,347,,,,,,,,,,,,,,,,,7cdvlgpi8g3e8ttspzvr1k251,M. Leckie,,,,,,,,,,,,,,,,,,,,,,,,,,,,,,,,,,
2499052627,819,1,2,71,15,c33jm806py6adse5wv9wx6ch1,1,48.7,100,2023-01-21T10:17:05.687Z,2023-01-21T10:17:06Z,3986768867,213,4.7,3986768857,107,,3986768863,141,91.1,3986768861,140,48.8,3986768859,56,Back,3986768865,212,7.0,,,,,,,8wbljx8706rh6uyhf8eegl1w5,S. Jamieson,,,,,,,,,,,,,,,,,,,,,,,,,,,,,,,,,,
2499052629,820,1,2,71,16,c33jm806py6adse5wv9wx6ch1,1,48.8,91.1,2023-01-21T10:17:06.615Z,2023-01-21T10:17:07Z,3986768881,213,1.3,3986768879,212,2.8,3986768875,140,49.6,3986768877,141,95.1,3986768873,56,Back,,,,,,,,,,446scvw0ckoxnvnsqcqocve1h,V. Berisha,,,,,,,,,,,,,,,,,,,,,,,,,,,,,,,,,,
2499052633,821,1,2,71,17,c33jm806py6adse5wv9wx6ch1,1,49.6,95.1,2023-01-21T10:17:07.639Z,2023-01-21T10:17:09Z,3986768899,212,4.7,3986768893,56,Back,3986768897,141,89.4,3986768901,213,4.1,3986768895,140,47.0,,,,,,,,,,8wbljx8706rh6uyhf8eegl1w5,S. Jamieson,,,,,,,,,,,,,,,,,,,,,,,,,,,,,,,,,,
2499052647,822,1,2,71,19,c33jm806py6adse5wv9wx6ch1,0,45.7,86.9,2023-01-21T10:17:09.591Z,2023-01-21T16:45:16Z,3986768959,141,81.5,3986768961,212,9.9,3986768955,56,Left,3986768957,140,54.5,3986768963,213,5.9,,,,,,,,,,446scvw0ckoxnvnsqcqocve1h,V. Berisha,,,,,,,,,,,,,,,,,,,,,,,,,,,,,,,,,,
2499052643,547,4,2,71,22,v046no35g7ebk8lytdjmfb43,1,42,22.4,2023-01-21T10:17:12.886Z,2023-01-21T10:18:55Z,3986768977,233,823,3986768941,56,Back,3986769711,294,,3986768945,152,,3986768939,13,,3986768949,286,,,,,,,,c0p9hlssgk28sutlee99c24t1,J. Brindell-South,,,,,,,,,,,,,,,,,,,,,,,,,,,,,,,,,,
2499052649,823,4,2,71,22,c33jm806py6adse5wv9wx6ch1,0,58,77.6,2023-01-21T10:17:12.887Z,2023-01-21T10:17:15Z,3986768975,285,,3986768971,56,Center,3986768967,13,,3986768981,233,547,3986768973,152,,3986768969,294,,,,,,,,7cdvlgpi8g3e8ttspzvr1k251,M. Leckie,,,,,,,,,,,,,,,,,,,,,,,,,,,,,,,,,,
2499052687,548,1,2,71,51,v046no35g7ebk8lytdjmfb43,1,42.9,23.3,2023-01-21T10:17:41.752Z,2023-01-21T10:17:45Z,3986769171,5,,3986769181,141,68.4,3986769175,152,,3986769185,213,0.6,3986769177,56,Center,3986769187,1,,3986769183,212,53.9,3986769173,155,,3zl5ec82f8zebkxkfdz16e3th,T. Aldred,,3986769179,140,85.1,,,,,,,,,,,,,,,,,,,,,,,,,,,,,,
2499052693,549,1,2,71,55,v046no35g7ebk8lytdjmfb43,1,84.5,69.3,2023-01-21T10:17:44.999Z,2023-01-21T10:17:47Z,3986769211,140,95.8,3986769207,3,,3986769215,212,21.7,3986769209,56,Left,3986769217,213,1.0,3986769213,141,96.0,,,,,,,4s2umn33b5fo5zcpkwjcbry7d,J. Knowles,,,,,,,,,,,,,,,,,,,,,,,,,,,,,,,,,,
2499052699,550,1,2,71,57,v046no35g7ebk8lytdjmfb43,1,96.2,95.6,2023-01-21T10:17:47.606Z,2023-01-21T10:17:50Z,3986769247,212,16.1,3986769243,140,81.3,3986769241,56,Left,3986769251,213,3.4,3986769245,141,90.3,,,,,,,,,,bhl2kwvi52osrdsdnbtw45lyi,J. Courtney-Perkins,,,,,,,,,,,,,,,,,,,,,,,,,,,,,,,,,,
2499052703,551,1,2,72,0,v046no35g7ebk8lytdjmfb43,1,87.7,93.3,2023-01-21T10:17:50.855Z,2023-01-21T10:17:53Z,3986769273,212,4.3,3986769269,140,84.1,3986769275,213,2.6,3986769267,56,Left,3986769271,141,96.3,,,,,,,,,,4s2umn33b5fo5zcpkwjcbry7d,J. Knowles,,,,,,,,,,,,,,,,,,,,,,,,,,,,,,,,,,
2499052705,552,1,2,72,3,v046no35g7ebk8lytdjmfb43,1,81.5,95.6,2023-01-21T10:17:53.399Z,2023-01-21T10:17:56Z,3986769287,141,94.8,3986769291,213,3.2,3986769283,56,Left,3986769289,212,12.9,3986769285,140,69.2,,,,,,,,,,bhl2kwvi52osrdsdnbtw45lyi,J. Courtney-Perkins,,,,,,,,,,,,,,,,,,,,,,,,,,,,,,,,,,
2499052711,553,1,2,72,9,v046no35g7ebk8lytdjmfb43,1,63.5,93.9,2023-01-21T10:17:59.255Z,2023-01-21T10:18:01Z,3986769323,141,88.7,3986769327,213,3.4,3986769319,56,Back,3986769325,212,16.7,3986769321,140,48.0,,,,,,,,,,dhnssdf1iuorniavvla5zbwx6,K. Trewin,,,,,,,,,,,,,,,,,,,,,,,,,,,,,,,,,,
2499052715,554,1,2,72,11,v046no35g7ebk8lytdjmfb43,1,48,88.7,2023-01-21T10:18:01.463Z,2023-01-21T10:18:02Z,3986769339,141,95.7,3986769343,213,0.3,3986769337,140,61.8,3986769335,56,Left,3986769341,212,15.3,,,,,,,,,,ez47kkcz2wgypddldq97yz2dx,C. Chapman,,,,,,,,,,,,,,,,,,,,,,,,,,,,,,,,,,
2499052717,555,1,2,72,12,v046no35g7ebk8lytdjmfb43,1,62.3,95.7,2023-01-21T10:18:02.294Z,2023-01-21T10:18:04Z,3986769353,140,67.3,3986769357,212,10.5,3986769359,213,5.2,3986769355,141,82.3,3986769351,56,Left,,,,,,,,,,dhnssdf1iuorniavvla5zbwx6,K. Trewin,,,,,,,,,,,,,,,,,,,,,,,,,,,,,,,,,,
2499052721,556,1,2,72,14,v046no35g7ebk8lytdjmfb43,1,69.4,67.2,2023-01-21T10:18:04.232Z,2023-01-21T16:45:49Z,3986769401,1,,3986769391,56,Right,3986769395,141,10.6,3986769397,212,39.3,3986769393,140,77.0,3986769399,213,4.9,,,,,,,4s2umn33b5fo5zcpkwjcbry7d,J. Knowles,,,,,,,,,,,,,,,,,,,,,,,,,,,,,,,,,,
2499052725,557,1,2,72,19,v046no35g7ebk8lytdjmfb43,1,77.7,10,2023-01-21T10:18:09.287Z,2023-01-21T10:18:12Z,3986769419,140,65.1,3986769417,56,Right,3986769421,141,20.3,3986769425,213,2.7,3986769423,212,15.0,,,,,,,,,,c0p9hlssgk28sutlee99c24t1,J. Brindell-South,,,,,,,,,,,,,,,,,,,,,,,,,,,,,,,,,,
2499052727,558,1,2,72,22,v046no35g7ebk8lytdjmfb43,1,65.8,18,2023-01-21T10:18:12.534Z,2023-01-21T10:18:15Z,3986769435,140,77.5,3986769441,213,5.7,3986769439,212,14.7,3986769433,56,Right,3986769437,141,6.1,,,,,,,,,,7mgwfxva7w88k90jhjd1wx3o5,S. Neville,,,,,,,,,,,,,,,,,,,,,,,,,,,,,,,,,,
2499052733,559,1,2,72,25,v046no35g7ebk8lytdjmfb43,1,76.9,5.6,2023-01-21T10:18:15.383Z,2023-01-21T10:18:20Z,3986769479,141,8.2,3986769481,212,15.4,3986769475,56,Right,3986769477,140,62.3,3986769483,213,3.0,,,,,,,,,,c0p9hlssgk28sutlee99c24t1,J. Brindell-South,,,,,,,,,,,,,,,,,,,,,,,,,,,,,,,,,,
2499052737,560,1,2,72,29,v046no35g7ebk8lytdjmfb43,0,60.8,13.8,2023-01-21T10:18:19.297Z,2023-01-21T10:18:58Z,3986769507,212,18.7,3986769499,155,,3986769503,140,75.6,3986769501,56,Center,3986769509,213,0.6,3986769505,141,29.1,,,,,,,1hcnrw2udxcdff6bre73sv1pm,H. Hore,,,,,,,,,,,,,,,,,,,,,,,,,,,,,,,,,,
2499052735,824,1,2,72,30,c33jm806py6adse5wv9wx6ch1,0,23,72.9,2023-01-21T10:18:20.055Z,2023-01-21T10:18:22Z,3986769497,213,0.1,3986769489,56,Back,3986769493,141,74.2,3986769491,140,32.0,3986769495,212,9.5,3986769487,3,,,,,,,,dnpala3bol8svyc2awng6iv9x,C. Good,,,,,,,,,,,,,,,,,,,,,,,,,,,,,,,,,,
2499052739,561,1,2,72,33,v046no35g7ebk8lytdjmfb43,1,62.8,25.2,2023-01-21T10:18:23.575Z,2023-01-21T10:18:27Z,3986769529,212,6.9,3986769523,56,Right,3986769527,141,19.2,3986769525,140,57.5,3986769531,213,3.8,,,,,,,,,,1hcnrw2udxcdff6bre73sv1pm,H. Hore,,,,,,,,,,,,,,,,,,,,,,,,,,,,,,,,,,
2499052747,562,1,2,72,37,v046no35g7ebk8lytdjmfb43,1,44.4,18.9,2023-01-21T10:18:27.735Z,2023-01-21T10:18:31Z,3986769555,56,Right,3986769559,141,20.1,3986769561,212,18.7,3986769563,213,0.0,3986769557,140,62.2,,,,,,,,,,7mgwfxva7w88k90jhjd1wx3o5,S. Neville,,,,,,,,,,,,,,,,,,,,,,,,,,,,,,,,,,
2499052749,563,1,2,72,40,v046no35g7ebk8lytdjmfb43,0,60.9,8,2023-01-21T10:18:30.278Z,2023-01-21T10:18:33Z,3986769579,233,825,3986769583,286,,3986769573,212,0.8,3986769577,236,,3986769575,213,0.3,3986769571,141,8.3,3986769567,56,Right,3986769569,140,61.6,dhnssdf1iuorniavvla5zbwx6,K. Trewin,,,,,,,,,,,,,,,,,,,,,,,,,,,,,,,,,,
2499052743,825,74,2,72,40,c33jm806py6adse5wv9wx6ch1,1,38.8,91.1,2023-01-21T10:18:30.279Z,2023-01-21T10:18:32Z,3986769543,285,,3986769587,233,563,3986769541,56,Back,,,,,,,,,,,,,,,,446scvw0ckoxnvnsqcqocve1h,V. Berisha,,,,,,,,,,,,,,,,,,,,,,,,,,,,,,,,,,
2499052761,564,5,2,72,40,v046no35g7ebk8lytdjmfb43,1,57.9,-1.6,2023-01-21T10:18:30.775Z,2023-01-21T10:45:16Z,3986769633,56,Right,3986769637,233,826,3986769635,347,,,,,,,,,,,,,,,,,dhnssdf1iuorniavvla5zbwx6,K. Trewin,,,,,,,,,,,,,,,,,,,,,,,,,,,,,,,,,,
2499052745,826,5,2,72,40,c33jm806py6adse5wv9wx6ch1,0,42.1,101.6,2023-01-21T10:18:30.775Z,2023-01-21T10:18:43Z,3986769545,56,Back,3986769547,347,,3986769641,233,564,,,,,,,,,,,,,,,,446scvw0ckoxnvnsqcqocve1h,V. Berisha,,,,,,,,,,,,,,,,,,,,,,,,,,,,,,,,,,
2499052763,565,1,2,72,52,v046no35g7ebk8lytdjmfb43,1,62.4,0,2023-01-21T10:18:42.823Z,2023-01-21T10:18:45Z,3986769651,140,46.8,3986769655,212,17.0,3986769657,213,2.9,3986769647,107,,3986769653,141,4.6,3986769649,56,Back,,,,,,,c0p9hlssgk28sutlee99c24t1,J. Brindell-South,,,,,,,,,,,,,,,,,,,,,,,,,,,,,,,,,,
2499052765,566,1,2,72,55,v046no35g7ebk8lytdjmfb43,1,55.7,6.2,2023-01-21T10:18:45.129Z,2023-01-21T10:18:50Z,3986769671,140,70.3,3986769667,196,,3986769675,212,62.9,3986769669,56,Left,3986769679,1,,3986769677,213,1.3,3986769673,141,95.9,3986769665,155,,7mgwfxva7w88k90jhjd1wx3o5,S. Neville,,,,,,,,,,,,,,,,,,,,,,,,,,,,,,,,,,
2499052771,567,1,2,73,0,v046no35g7ebk8lytdjmfb43,1,60.3,95.6,2023-01-21T10:18:50.727Z,2023-01-21T10:18:53Z,3986769701,212,26.1,3986769699,141,72.3,3986769697,140,40.6,3986769695,56,Back,3986769703,213,3.8,,,,,,,,,,bhl2kwvi52osrdsdnbtw45lyi,J. Courtney-Perkins,,,,,,,,,,,,,,,,,,,,,,,,,,,,,,,,,,
2499052781,568,1,2,73,3,v046no35g7ebk8lytdjmfb43,1,41.3,69.7,2023-01-21T10:18:53.560Z,2023-01-21T10:19:02Z,3986769759,1,,3986769749,56,Center,3986769747,155,,3986769757,213,0.1,3986769753,141,78.7,3986769751,140,85.6,3986769755,212,46.9,,,,ez47kkcz2wgypddldq97yz2dx,C. Chapman,,,,,,,,,,,,,,,,,,,,,,,,,,,,,,,,,,
2499052785,569,50,2,73,11,v046no35g7ebk8lytdjmfb43,1,92,89.9,2023-01-21T10:19:01.925Z,2023-01-21T10:19:03Z,3986769771,286,,3986769781,233,827,3986769769,56,Left,,,,,,,,,,,,,,,,4s2umn33b5fo5zcpkwjcbry7d,J. Knowles,,,,,,,,,,,,,,,,,,,,,,,,,,,,,,,,,,
2499052783,827,7,2,73,11,c33jm806py6adse5wv9wx6ch1,1,8,10.1,2023-01-21T10:19:01.926Z,2023-01-21T16:46:35Z,3986769767,285,,3986769763,167,,3988110645,385,,3986769777,233,569,3986769765,56,Back,,,,,,,,,,bdo2grdx1mgm63gii3zar50id,T. Lam,,,,,,,,,,,,,,,,,,,,,,,,,,,,,,,,,,
2499052793,570,5,2,73,12,v046no35g7ebk8lytdjmfb43,1,89.8,101.4,2023-01-21T10:19:02.470Z,2023-01-21T10:45:16Z,3986769825,347,,3986769827,233,828,3986769823,56,Left,,,,,,,,,,,,,,,,4s2umn33b5fo5zcpkwjcbry7d,J. Knowles,,,,,,,,,,,,,,,,,,,,,,,,,,,,,,,,,,
2499052787,828,5,2,73,12,c33jm806py6adse5wv9wx6ch1,0,10.2,-1.4,2023-01-21T10:19:02.470Z,2023-01-21T10:19:15Z,3986769775,347,,3986769773,56,Back,3986769835,233,570,,,,,,,,,,,,,,,,bdo2grdx1mgm63gii3zar50id,T. Lam,,,,,,,,,,,,,,,,,,,,,,,,,,,,,,,,,,
2499052799,571,1,2,73,24,v046no35g7ebk8lytdjmfb43,1,88.5,100,2023-01-21T10:19:14.711Z,2023-01-21T10:19:16Z,3986769845,56,Left,3986769851,212,16.5,3986769849,141,90.6,3986769843,107,,3986769853,213,3.6,3986769847,140,74.4,,,,,,,bhl2kwvi52osrdsdnbtw45lyi,J. Courtney-Perkins,,,,,,,,,,,,,,,,,,,,,,,,,,,,,,,,,,
2499052801,572,1,2,73,26,v046no35g7ebk8lytdjmfb43,0,75.2,83.5,2023-01-21T10:19:16.534Z,2023-01-21T16:46:45Z,3986769861,2,,3988111745,223,,3986769865,56,Center,3986769873,213,5.2,3986769869,141,45.4,3986769871,212,30.1,3986769867,140,89.7,3986769863,155,,dhnssdf1iuorniavvla5zbwx6,K. Trewin,,3988111747,20,,,,,,,,,,,,,,,,,,,,,,,,,,,,,,,
2499052821,829,12,2,73,27,c33jm806py6adse5wv9wx6ch1,1,10,55.1,2023-01-21T10:19:17.623Z,2023-01-21T10:19:27Z,3986769937,140,28.8,3986769941,212,21.3,3986769939,141,43.3,3986769943,213,5.9,3986769935,56,Back,,,,,,,,,,8wbljx8706rh6uyhf8eegl1w5,S. Jamieson,,,,,,,,,,,,,,,,,,,,,,,,,,,,,,,,,,
2499052817,573,61,2,73,34,v046no35g7ebk8lytdjmfb43,1,69.2,49.1,2023-01-21T10:19:24.695Z,2023-01-21T10:19:24Z,3986769927,56,Center,,,,,,,,,,,,,,,,,,,,,,3zl5ec82f8zebkxkfdz16e3th,T. Aldred,,,,,,,,,,,,,,,,,,,,,,,,,,,,,,,,,,
2499052823,574,1,2,73,35,v046no35g7ebk8lytdjmfb43,1,69,52.4,2023-01-21T10:19:25.639Z,2023-01-21T10:19:27Z,3986769949,141,59.0,3986769953,213,0.7,3986769947,140,73.6,3986769945,56,Center,3986769951,212,6.6,,,,,,,,,,dhnssdf1iuorniavvla5zbwx6,K. Trewin,,,,,,,,,,,,,,,,,,,,,,,,,,,,,,,,,,
2499052825,575,61,2,73,37,v046no35g7ebk8lytdjmfb43,0,75.8,66.2,2023-01-21T10:19:27.413Z,2023-01-21T16:47:07Z,3986769957,56,Center,,,,,,,,,,,,,,,,,,,,,,abfwfqsv8o9xsnkor896869cl,J. O'Shea,,,,,,,,,,,,,,,,,,,,,,,,,,,,,,,,,,
2499052831,830,1,2,73,37,c33jm806py6adse5wv9wx6ch1,1,26.8,30.7,2023-01-21T10:19:27.414Z,2023-01-21T16:47:10Z,3988114429,140,24.5,3988114439,212,3.0,3988114433,141,33.4,3986769971,56,Back,3988114445,213,2.5,,,,,,,,,,af7c4t8wp0341io4x0dl02ac5,A. Nabbout,,,,,,,,,,,,,,,,,,,,,,,,,,,,,,,,,,
2499052837,831,49,2,73,38,c33jm806py6adse5wv9wx6ch1,1,20,34.8,2023-01-21T10:19:28.488Z,2023-01-21T10:19:28Z,,,,,,,,,,,,,,,,,,,,,,,,,bdo2grdx1mgm63gii3zar50id,T. Lam,,,,,,,,,,,,,,,,,,,,,,,,,,,,,,,,,,
2499052843,832,1,2,73,38,c33jm806py6adse5wv9wx6ch1,1,20,34.8,2023-01-21T10:19:28.614Z,2023-01-21T10:19:30Z,3986770005,140,27.8,3986770009,212,8.2,3986770003,56,Back,3986770007,141,33.9,3986770011,213,6.2,,,,,,,,,,bdo2grdx1mgm63gii3zar50id,T. Lam,,,,,,,,,,,,,,,,,,,,,,,,,,,,,,,,,,
2499052849,833,1,2,73,40,c33jm806py6adse5wv9wx6ch1,1,26.6,30.6,2023-01-21T10:19:30.790Z,2023-01-21T10:19:33Z,3986770035,140,28.6,3986770041,213,4.9,3986770039,212,10.1,3986770037,141,16.1,3986770033,56,Back,,,,,,,,,,bcytv86dp6kqrsosu6gck9q7d,A. O'Neill,,,,,,,,,,,,,,,,,,,,,,,,,,,,,,,,,,
2499052851,834,4,2,73,42,c33jm806py6adse5wv9wx6ch1,1,30.9,18.8,2023-01-21T10:19:32.277Z,2023-01-21T10:19:34Z,3986770073,233,576,3986770055,265,,3986770051,56,Back,3986770053,152,,3986770057,285,,3986770049,13,,,,,,,,7q8urr40blud747zzb3io8w5x,R. van der Venne,,,,,,,,,,,,,,,,,,,,,,,,,,,,,,,,,,
2499052855,576,4,2,73,42,v046no35g7ebk8lytdjmfb43,0,69.1,81.2,2023-01-21T10:19:32.278Z,2023-01-21T10:19:34Z,3986770069,265,,3986770077,233,834,3986770065,56,Left,3986770067,152,,3986770071,286,,3986770063,13,,,,,,,,dhnssdf1iuorniavvla5zbwx6,K. Trewin,,,,,,,,,,,,,,,,,,,,,,,,,,,,,,,,,,
2499052869,835,1,2,73,57,c33jm806py6adse5wv9wx6ch1,1,25.5,28.9,2023-01-21T10:19:47.222Z,2023-01-21T16:47:37Z,3986770131,5,,3986770135,56,Back,3988117647,189,,3986770141,212,30.3,3986770143,213,1.3,3986770139,141,72.3,3986770137,140,32.2,3986770133,152,,bdo2grdx1mgm63gii3zar50id,T. Lam,,,,,,,,,,,,,,,,,,,,,,,,,,,,,,,,,,
2499052871,836,1,2,73,58,c33jm806py6adse5wv9wx6ch1,1,32.2,72.3,2023-01-21T10:19:48.454Z,2023-01-21T10:19:50Z,3986770151,56,Back,3986770155,141,76.4,3986770159,213,0.3,3986770157,212,11.2,3986770153,140,42.5,,,,,,,,,,dnpala3bol8svyc2awng6iv9x,C. Good,,,,,,,,,,,,,,,,,,,,,,,,,,,,,,,,,,
2499052877,837,1,2,74,0,c33jm806py6adse5wv9wx6ch1,1,42.5,76.4,2023-01-21T10:19:50.199Z,2023-01-21T10:19:54Z,3986770185,56,Back,3986770189,141,94.4,3986770193,213,2.2,3986770191,212,15.3,3986770187,140,33.8,,,,,,,,,,446scvw0ckoxnvnsqcqocve1h,V. Berisha,,,,,,,,,,,,,,,,,,,,,,,,,,,,,,,,,,
2499052879,838,1,2,74,4,c33jm806py6adse5wv9wx6ch1,0,35.2,82.4,2023-01-21T10:19:54.086Z,2023-01-21T10:19:56Z,3986770205,141,78.8,3986770201,56,Center,3986770209,213,6.1,3986770203,140,51.4,3986770207,212,17.2,,,,,,,,,,8wbljx8706rh6uyhf8eegl1w5,S. Jamieson,,,,,,,,,,,,,,,,,,,,,,,,,,,,,,,,,,
2499052883,577,49,2,74,8,v046no35g7ebk8lytdjmfb43,1,57.5,16.2,2023-01-21T10:19:58.792Z,2023-01-21T10:46:42Z,,,,,,,,,,,,,,,,,,,,,,,,,abfwfqsv8o9xsnkor896869cl,J. O'Shea,,,,,,,,,,,,,,,,,,,,,,,,,,,,,,,,,,
2499052887,578,3,2,74,9,v046no35g7ebk8lytdjmfb43,0,63.4,14.2,2023-01-21T10:19:59.126Z,2023-01-21T16:47:56Z,3986770229,286,,3986770227,56,Right,3986770255,233,839,3988119711,465,,,,,,,,,,,,,,abfwfqsv8o9xsnkor896869cl,J. O'Shea,,,,,,,,,,,,,,,,,,,,,,,,,,,,,,,,,,
2499052893,839,7,2,74,9,c33jm806py6adse5wv9wx6ch1,1,36.6,85.8,2023-01-21T10:19:59.127Z,2023-01-21T16:47:58Z,3986770243,56,Back,3988119837,384,,3986770245,285,,3986770251,233,578,,,,,,,,,,,,,8wbljx8706rh6uyhf8eegl1w5,S. Jamieson,,,,,,,,,,,,,,,,,,,,,,,,,,,,,,,,,,
2499052897,840,49,2,74,12,c33jm806py6adse5wv9wx6ch1,1,36.4,87.1,2023-01-21T10:20:02.534Z,2023-01-21T10:20:02Z,,,,,,,,,,,,,,,,,,,,,,,,,446scvw0ckoxnvnsqcqocve1h,V. Berisha,,,,,,,,,,,,,,,,,,,,,,,,,,,,,,,,,,
2499052901,841,1,2,74,13,c33jm806py6adse5wv9wx6ch1,1,36.4,87.1,2023-01-21T10:20:03.158Z,2023-01-21T10:20:05Z,3986770263,56,Back,3986770271,213,5.3,3986770267,141,52.2,3986770265,140,49.9,3986770269,212,27.6,,,,,,,,,,446scvw0ckoxnvnsqcqocve1h,V. Berisha,,,,,,,,,,,,,,,,,,,,,,,,,,,,,,,,,,
2499052909,842,1,2,74,15,c33jm806py6adse5wv9wx6ch1,1,52.9,49.4,2023-01-21T10:20:05.622Z,2023-01-21T16:48:18Z,3986770305,212,30.9,3986770301,140,74.5,3986770299,56,Right,3986770303,141,18.6,3986770359,210,15,3986770307,213,5.5,,,,,,,7q8urr40blud747zzb3io8w5x,R. van der Venne,1,,,,,,,,,,,,,,,,,,,,,,,,,,,,,,,,,
2499052911,843,15,2,74,19,c33jm806py6adse5wv9wx6ch1,1,79.3,30.5,2023-01-21T10:20:09.831Z,2023-01-21T16:48:19Z,3986770377,147,50.4,3986770373,215,,3986770371,103,7.6,3986770375,146,99.1,3986770333,72,,3986770369,102,47.2,3986770389,233,579,3986770317,56,Center,af7c4t8wp0341io4x0dl02ac5,A. Nabbout,,3986770313,22,,3986770361,80,3986770365,55,842,3986770363,29,,3986770315,18,,,,,,,,,,,,,,,,,,,,
2499052915,579,10,2,74,19,v046no35g7ebk8lytdjmfb43,1,1.4,53.7,2023-01-21T10:20:09.931Z,2023-01-21T16:48:21Z,3988122521,376,,3986770345,56,Back,3986770383,180,,3986770381,177,,3986770343,182,,3986770395,233,843,,,,,,,cb0y1hi0ozn1rx00vx6a1xr6x,J. Holmes,,,,,,,,,,,,,,,,,,,,,,,,,,,,,,,,,,
2499052917,580,52,2,74,22,v046no35g7ebk8lytdjmfb43,1,1.4,53.7,2023-01-21T10:20:12.406Z,2023-01-21T16:48:22Z,3988122657,376,,,,,,,,,,,,,,,,,,,,,,,cb0y1hi0ozn1rx00vx6a1xr6x,J. Holmes,,,,,,,,,,,,,,,,,,,,,,,,,,,,,,,,,,
2499052931,581,1,2,74,32,v046no35g7ebk8lytdjmfb43,1,9,45.8,2023-01-21T10:20:22.071Z,2023-01-21T16:49:12Z,3986770441,212,15.9,3986770435,56,Back,3988128059,189,,3986770433,123,,3986770437,140,13.5,3986770443,213,5.0,3986770439,141,23.4,,,,cb0y1hi0ozn1rx00vx6a1xr6x,J. Holmes,,,,,,,,,,,,,,,,,,,,,,,,,,,,,,,,,,
2499052939,582,1,2,74,34,v046no35g7ebk8lytdjmfb43,1,24.2,24.7,2023-01-21T10:20:24.118Z,2023-01-21T10:20:28Z,3986770479,140,42.3,3986770481,141,8.6,3986770485,213,5.8,3986770477,56,Back,3986770483,212,21.9,,,,,,,,,,7mgwfxva7w88k90jhjd1wx3o5,S. Neville,,,,,,,,,,,,,,,,,,,,,,,,,,,,,,,,,,
2499052941,583,1,2,74,38,v046no35g7ebk8lytdjmfb43,1,37.7,2.8,2023-01-21T10:20:28.869Z,2023-01-21T10:20:31Z,3986770499,213,2.8,3986770493,140,26.9,3986770497,212,12.1,3986770495,141,9.1,3986770491,56,Back,,,,,,,,,,1hcnrw2udxcdff6bre73sv1pm,H. Hore,,,,,,,,,,,,,,,,,,,,,,,,,,,,,,,,,,
2499052943,584,1,2,74,41,v046no35g7ebk8lytdjmfb43,1,30.2,11,2023-01-21T10:20:31.686Z,2023-01-21T10:20:33Z,3986770511,141,28.6,3986770507,56,Back,3986770515,213,0.9,3986770509,140,39.7,3986770513,212,15.6,,,,,,,,,,7mgwfxva7w88k90jhjd1wx3o5,S. Neville,,,,,,,,,,,,,,,,,,,,,,,,,,,,,,,,,,
2499052949,585,1,2,74,43,v046no35g7ebk8lytdjmfb43,1,39.1,27.4,2023-01-21T10:20:33.142Z,2023-01-21T10:20:37Z,3986770535,56,Back,3986770541,212,14.7,3986770539,141,6.2,3986770543,213,4.5,3986770537,140,36.3,,,,,,,,,,4s2umn33b5fo5zcpkwjcbry7d,J. Knowles,,,,,,,,,,,,,,,,,,,,,,,,,,,,,,,,,,
2499052953,586,1,2,74,47,v046no35g7ebk8lytdjmfb43,1,36.5,8.3,2023-01-21T10:20:37.878Z,2023-01-21T10:20:40Z,3986770557,56,Back,3986770563,212,15.2,3986770559,140,35.9,3986770561,141,30.7,3986770565,213,1.6,,,,,,,,,,1hcnrw2udxcdff6bre73sv1pm,H. Hore,,,,,,,,,,,,,,,,,,,,,,,,,,,,,,,,,,
2499052957,587,1,2,74,51,v046no35g7ebk8lytdjmfb43,1,44.7,17.6,2023-01-21T10:20:41.958Z,2023-01-21T10:20:44Z,3986770589,212,12.0,3986770585,140,54.3,3986770587,141,7.9,3986770591,213,5.7,3986770583,56,Right,,,,,,,,,,abfwfqsv8o9xsnkor896869cl,J. O'Shea,,,,,,,,,,,,,,,,,,,,,,,,,,,,,,,,,,
2499052961,588,1,2,74,54,v046no35g7ebk8lytdjmfb43,1,60,5.8,2023-01-21T10:20:43.974Z,2023-01-21T10:20:46Z,3986770613,141,4.3,3986770617,213,6.1,3986770609,56,Right,3986770615,212,7.0,3986770611,140,66.6,,,,,,,,,,1hcnrw2udxcdff6bre73sv1pm,H. Hore,,,,,,,,,,,,,,,,,,,,,,,,,,,,,,,,,,
2499052967,589,1,2,74,56,v046no35g7ebk8lytdjmfb43,1,63.3,3.7,2023-01-21T10:20:46.790Z,2023-01-21T10:20:50Z,3986770633,141,5.6,3986770637,213,3.1,3986770629,56,Back,3986770635,212,19.6,3986770631,140,44.7,,,,,,,,,,c0p9hlssgk28sutlee99c24t1,J. Brindell-South,,,,,,,,,,,,,,,,,,,,,,,,,,,,,,,,,,
2499052971,590,1,2,75,0,v046no35g7ebk8lytdjmfb43,1,53.5,7.6,2023-01-21T10:20:50.646Z,2023-01-21T10:20:52Z,3986770649,141,30.3,3986770647,140,65.5,3986770653,213,0.9,3986770651,212,19.9,3986770645,56,Center,,,,,,,,,,7mgwfxva7w88k90jhjd1wx3o5,S. Neville,,,,,,,,,,,,,,,,,,,,,,,,,,,,,,,,,,
2499052973,591,1,2,75,2,v046no35g7ebk8lytdjmfb43,0,65,31,2023-01-21T10:20:52.358Z,2023-01-21T10:20:54Z,3986770665,213,0.2,3986770683,286,,3986770661,141,31.2,3986770677,236,,3986770679,233,844,3986770659,140,65.7,3986770663,212,0.7,3986770657,56,Center,uyhh5u2ezau9f095symdh3sa,C. Armiento,,,,,,,,,,,,,,,,,,,,,,,,,,,,,,,,,,
2499052975,844,74,2,75,2,c33jm806py6adse5wv9wx6ch1,1,30.8,63,2023-01-21T10:20:52.359Z,2023-01-21T10:45:43Z,3986770667,56,Back,3986770685,233,591,3986770669,285,,,,,,,,,,,,,,,,,bdo2grdx1mgm63gii3zar50id,T. Lam,,,,,,,,,,,,,,,,,,,,,,,,,,,,,,,,,,
2499052979,845,49,2,75,4,c33jm806py6adse5wv9wx6ch1,1,29.6,53.9,2023-01-21T10:20:54.744Z,2023-01-21T10:20:54Z,,,,,,,,,,,,,,,,,,,,,,,,,7q8urr40blud747zzb3io8w5x,R. van der Venne,,,,,,,,,,,,,,,,,,,,,,,,,,,,,,,,,,
2499052995,846,1,2,75,5,c33jm806py6adse5wv9wx6ch1,1,29.6,53.9,2023-01-21T10:20:54.966Z,2023-01-21T10:21:04Z,3986770757,56,Back,3986770763,212,21.9,3986770759,140,9.4,3986770761,141,45.8,3986770765,213,3.4,,,,,,,,,,7q8urr40blud747zzb3io8w5x,R. van der Venne,,,,,,,,,,,,,,,,,,,,,,,,,,,,,,,,,,
2499052997,847,1,2,75,14,c33jm806py6adse5wv9wx6ch1,1,19.2,41.5,2023-01-21T10:21:04.518Z,2023-01-21T10:21:07Z,3986770777,140,25.7,3986770783,213,5.0,3986770779,141,6.2,3986770781,212,25.0,3986770775,56,Back,,,,,,,,,,77gcx1qotysu9hbi2hw2gjsvd,T. Glover,,,,,,,,,,,,,,,,,,,,,,,,,,,,,,,,,,
2499053001,848,1,2,75,20,c33jm806py6adse5wv9wx6ch1,1,25.6,21.5,2023-01-21T10:21:10.870Z,2023-01-21T10:21:15Z,3986770807,213,0.8,3986770803,141,29.7,3986770801,140,30.3,3986770805,212,7.4,3986770799,56,Back,,,,,,,,,,cqoz8o1pse9uspkqvq3cmges5,S. Galloway,,,,,,,,,,,,,,,,,,,,,,,,,,,,,,,,,,
2499053003,849,1,2,75,25,c33jm806py6adse5wv9wx6ch1,0,32.9,21.5,2023-01-21T10:21:15.175Z,2023-01-21T10:21:18Z,3986770813,196,,3986770825,1,,3986770817,140,61.5,3986770821,212,51.2,3986770819,141,82.4,3986770823,213,0.9,3986770815,56,Left,3986770811,155,,bdo2grdx1mgm63gii3zar50id,T. Lam,,,,,,,,,,,,,,,,,,,,,,,,,,,,,,,,,,
2499053005,592,1,2,75,28,v046no35g7ebk8lytdjmfb43,1,35.7,23.1,2023-01-21T10:21:18.086Z,2023-01-21T10:21:19Z,3986770837,141,23.6,3986770833,56,Back,3986770839,212,7.7,3986770841,213,0.0,3986770831,3,,3986770835,140,43.0,,,,,,,7mgwfxva7w88k90jhjd1wx3o5,S. Neville,,,,,,,,,,,,,,,,,,,,,,,,,,,,,,,,,,
2499053007,593,49,2,75,29,v046no35g7ebk8lytdjmfb43,1,42.9,23.6,2023-01-21T10:21:19.191Z,2023-01-21T10:21:19Z,,,,,,,,,,,,,,,,,,,,,,,,,c0p9hlssgk28sutlee99c24t1,J. Brindell-South,,,,,,,,,,,,,,,,,,,,,,,,,,,,,,,,,,
2499053009,594,1,2,75,29,v046no35g7ebk8lytdjmfb43,1,42.9,23.6,2023-01-21T10:21:19.350Z,2023-01-21T10:21:20Z,3986770849,141,23.4,3986770853,213,3.2,3986770847,140,30.3,3986770845,56,Back,3986770851,212,13.2,,,,,,,,,,c0p9hlssgk28sutlee99c24t1,J. Brindell-South,,,,,,,,,,,,,,,,,,,,,,,,,,,,,,,,,,
2499053011,595,1,2,75,30,v046no35g7ebk8lytdjmfb43,1,30.3,23.4,2023-01-21T10:21:20.006Z,2023-01-21T10:21:21Z,3986770867,212,7.6,3986770863,140,32.8,3986770869,213,1.2,3986770861,56,Back,3986770865,141,33.9,,,,,,,,,,7mgwfxva7w88k90jhjd1wx3o5,S. Neville,,,,,,,,,,,,,,,,,,,,,,,,,,,,,,,,,,
2499053013,596,1,2,75,31,v046no35g7ebk8lytdjmfb43,1,31.9,32.7,2023-01-21T10:21:21.206Z,2023-01-21T10:21:23Z,3986770877,56,Back,3986770883,212,11.4,3986770879,140,28.0,3986770881,141,17.0,3986770885,213,4.3,,,,,,,,,,abfwfqsv8o9xsnkor896869cl,J. O'Shea,,,,,,,,,,,,,,,,,,,,,,,,,,,,,,,,,,
2499053015,597,1,2,75,33,v046no35g7ebk8lytdjmfb43,1,29.2,16.7,2023-01-21T10:21:23.045Z,2023-01-21T10:21:25Z,3986770897,141,5.6,3986770901,213,5.6,3986770893,56,Back,3986770899,212,12.3,3986770895,140,38.5,,,,,,,,,,7mgwfxva7w88k90jhjd1wx3o5,S. Neville,,,,,,,,,,,,,,,,,,,,,,,,,,,,,,,,,,
2499053019,598,1,2,75,35,v046no35g7ebk8lytdjmfb43,1,39.2,5.8,2023-01-21T10:21:24.998Z,2023-01-21T10:21:27Z,3986770913,141,15.6,3986770909,56,Back,3986770917,213,1.4,3986770915,212,6.8,3986770911,140,40.5,,,,,,,,,,c0p9hlssgk28sutlee99c24t1,J. Brindell-South,,,,,,,,,,,,,,,,,,,,,,,,,,,,,,,,,,
2499053023,599,1,2,75,37,v046no35g7ebk8lytdjmfb43,1,40.2,15.8,2023-01-21T10:21:27.222Z,2023-01-21T10:21:32Z,3986770931,140,27.3,3986770929,56,Back,3986770935,212,13.7,3986770937,213,3.3,3986770933,141,12.8,,,,,,,,,,dhnssdf1iuorniavvla5zbwx6,K. Trewin,,,,,,,,,,,,,,,,,,,,,,,,,,,,,,,,,,
2499053027,600,1,2,75,42,v046no35g7ebk8lytdjmfb43,1,34.2,10.7,2023-01-21T10:21:32.102Z,2023-01-21T10:21:34Z,3986770951,141,17.6,3986770955,213,0.2,3986770949,140,55.2,3986770947,56,Right,3986770953,212,22.5,,,,,,,,,,7mgwfxva7w88k90jhjd1wx3o5,S. Neville,,,,,,,,,,,,,,,,,,,,,,,,,,,,,,,,,,
2499053033,601,1,2,75,44,v046no35g7ebk8lytdjmfb43,1,52.8,14.6,2023-01-21T10:21:34.166Z,2023-01-21T10:21:35Z,3986770983,141,4.6,3986770987,213,4.8,3986770985,212,6.8,3986770981,140,53.2,3986770979,56,Right,,,,,,,,,,1hcnrw2udxcdff6bre73sv1pm,H. Hore,,,,,,,,,,,,,,,,,,,,,,,,,,,,,,,,,,
2499053043,602,1,2,75,45,v046no35g7ebk8lytdjmfb43,1,53.5,4.7,2023-01-21T10:21:35.861Z,2023-01-21T10:21:43Z,3986771023,212,23.3,3986771017,56,Center,3986771021,141,28.6,3986771025,213,0.8,3986771019,140,69.4,,,,,,,,,,c0p9hlssgk28sutlee99c24t1,J. Brindell-South,,,,,,,,,,,,,,,,,,,,,,,,,,,,,,,,,,
2499053045,603,3,2,75,53,v046no35g7ebk8lytdjmfb43,0,77.5,4,2023-01-21T10:21:43.334Z,2023-01-21T16:50:10Z,3986771033,56,Right,3988134793,465,,3986771035,286,,3986771441,233,860,,,,,,,,,,,,,uyhh5u2ezau9f095symdh3sa,C. Armiento,,,,,,,,,,,,,,,,,,,,,,,,,,,,,,,,,,
2499053137,860,7,2,75,53,c33jm806py6adse5wv9wx6ch1,1,22.5,96,2023-01-21T10:21:43.335Z,2023-01-21T16:50:12Z,3986771437,233,603,3988135015,384,,3986771433,56,Back,3986771435,285,,,,,,,,,,,,,,8wbljx8706rh6uyhf8eegl1w5,S. Jamieson,,,,,,,,,,,,,,,,,,,,,,,,,,,,,,,,,,
2499053049,850,49,2,75,54,c33jm806py6adse5wv9wx6ch1,1,11.2,92.7,2023-01-21T10:21:44.584Z,2023-01-21T10:21:44Z,,,,,,,,,,,,,,,,,,,,,,,,,dnpala3bol8svyc2awng6iv9x,C. Good,,,,,,,,,,,,,,,,,,,,,,,,,,,,,,,,,,
2499053057,851,1,2,75,55,c33jm806py6adse5wv9wx6ch1,1,11.2,92.7,2023-01-21T10:21:45.126Z,2023-01-21T10:21:47Z,3986771071,212,23.3,3986771067,140,3.7,3986771073,213,4.4,3986771065,56,Back,3986771069,141,60.5,,,,,,,,,,dnpala3bol8svyc2awng6iv9x,C. Good,,,,,,,,,,,,,,,,,,,,,,,,,,,,,,,,,,
2499053069,852,1,2,75,57,c33jm806py6adse5wv9wx6ch1,1,3.9,59.6,2023-01-21T10:21:47.686Z,2023-01-21T10:21:50Z,3986771123,140,14.1,3986771127,212,10.9,3986771125,141,57.0,3986771121,56,Back,3986771129,213,6.1,,,,,,,,,,77gcx1qotysu9hbi2hw2gjsvd,T. Glover,,,,,,,,,,,,,,,,,,,,,,,,,,,,,,,,,,
2499053073,853,1,2,76,0,c33jm806py6adse5wv9wx6ch1,1,14.1,57,2023-01-21T10:21:50.789Z,2023-01-21T10:21:52Z,3986771149,213,5.2,3986771147,212,27.7,3986771143,140,25.7,3986771141,56,Back,3986771145,141,20.4,,,,,,,,,,bdo2grdx1mgm63gii3zar50id,T. Lam,,,,,,,,,,,,,,,,,,,,,,,,,,,,,,,,,,
2499053075,854,61,2,76,1,c33jm806py6adse5wv9wx6ch1,0,25.3,21.5,2023-01-21T10:21:51.854Z,2023-01-21T10:22:46Z,3986771153,56,Back,,,,,,,,,,,,,,,,,,,,,,af7c4t8wp0341io4x0dl02ac5,A. Nabbout,,,,,,,,,,,,,,,,,,,,,,,,,,,,,,,,,,
2499053081,604,3,2,76,2,v046no35g7ebk8lytdjmfb43,0,75.2,76.2,2023-01-21T10:21:52.653Z,2023-01-21T16:50:23Z,3986771173,286,,3988135975,464,,3986771255,233,855,3986771171,56,Center,,,,,,,,,,,,,bhl2kwvi52osrdsdnbtw45lyi,J. Courtney-Perkins,,,,,,,,,,,,,,,,,,,,,,,,,,,,,,,,,,
2499053079,855,7,2,76,2,c33jm806py6adse5wv9wx6ch1,0,24.8,23.8,2023-01-21T10:21:52.654Z,2023-01-21T16:50:24Z,3988136175,385,,3986771251,233,604,3986771161,285,,3986771159,56,Back,,,,,,,,,,,,,af7c4t8wp0341io4x0dl02ac5,A. Nabbout,,,,,,,,,,,,,,,,,,,,,,,,,,,,,,,,,,
2499053151,611,61,2,76,4,v046no35g7ebk8lytdjmfb43,1,70.7,75.9,2023-01-21T10:21:54.124Z,2023-01-21T10:22:54Z,3986771547,56,Center,,,,,,,,,,,,,,,,,,,,,,bhl2kwvi52osrdsdnbtw45lyi,J. Courtney-Perkins,,,,,,,,,,,,,,,,,,,,,,,,,,,,,,,,,,
2499053087,856,1,2,76,4,c33jm806py6adse5wv9wx6ch1,1,24.8,24.9,2023-01-21T10:21:54.293Z,2023-01-21T10:21:57Z,3986771193,140,16.9,3986771197,212,16.4,3986771199,213,4.2,3986771195,141,4.1,3986771191,56,Back,,,,,,,,,,af7c4t8wp0341io4x0dl02ac5,A. Nabbout,,,,,,,,,,,,,,,,,,,,,,,,,,,,,,,,,,
2499053089,857,1,2,76,7,c33jm806py6adse5wv9wx6ch1,1,16.9,4.1,2023-01-21T10:21:57.094Z,2023-01-21T10:21:59Z,3986771215,213,0.2,3986771211,141,9.4,3986771207,56,Back,3986771213,212,21.6,3986771209,140,37.2,,,,,,,,,,cqoz8o1pse9uspkqvq3cmges5,S. Galloway,,,,,,,,,,,,,,,,,,,,,,,,,,,,,,,,,,
2499053095,858,1,2,76,8,c33jm806py6adse5wv9wx6ch1,0,33.9,10,2023-01-21T10:21:58.949Z,2023-01-21T10:22:00Z,3986771233,212,4.1,3986771227,56,Back,3986771231,141,7.3,3986771235,213,5.8,3986771229,140,37.4,,,,,,,,,,7q8urr40blud747zzb3io8w5x,R. van der Venne,,,,,,,,,,,,,,,,,,,,,,,,,,,,,,,,,,
2499053097,605,8,2,76,11,v046no35g7ebk8lytdjmfb43,1,62.2,93,2023-01-21T10:22:00.966Z,2023-01-21T16:50:34Z,3986771237,56,Left,3988137061,383,,,,,,,,,,,,,,,,,,,,bhl2kwvi52osrdsdnbtw45lyi,J. Courtney-Perkins,,,,,,,,,,,,,,,,,,,,,,,,,,,,,,,,,,
2499053099,606,49,2,76,11,v046no35g7ebk8lytdjmfb43,1,63.3,94.1,2023-01-21T10:22:01.479Z,2023-01-21T10:22:01Z,,,,,,,,,,,,,,,,,,,,,,,,,bhl2kwvi52osrdsdnbtw45lyi,J. Courtney-Perkins,,,,,,,,,,,,,,,,,,,,,,,,,,,,,,,,,,
2499053117,607,1,2,76,12,v046no35g7ebk8lytdjmfb43,1,64.4,96.2,2023-01-21T10:22:02.246Z,2023-01-21T16:50:45Z,3986771331,212,29.8,3986771325,56,Left,3986771333,213,6.1,3986771327,140,92.0,3986771329,141,86.1,,,,,,,,,,bhl2kwvi52osrdsdnbtw45lyi,J. Courtney-Perkins,,,,,,,,,,,,,,,,,,,,,,,,,,,,,,,,,,
2499053125,608,1,2,76,21,v046no35g7ebk8lytdjmfb43,1,91.7,71.5,2023-01-21T10:22:11.270Z,2023-01-21T16:51:16Z,3986771361,212,14.6,3986771473,154,,3986771355,56,Center,3986771359,141,50.1,3986771471,210,13,3986771357,140,91.9,3986771363,213,4.7,,,,1hcnrw2udxcdff6bre73sv1pm,H. Hore,1,,,,,,,,,,,,,,,,,,,,,,,,,,,,,,,,,
2499053131,610,13,2,76,22,v046no35g7ebk8lytdjmfb43,1,92.3,53.8,2023-01-21T10:22:12.326Z,2023-01-21T16:51:17Z,3988141677,108,,3986771381,22,,3986771481,29,,3986771485,55,608,3986771385,56,Center,3986771483,154,,3986771383,17,,3986771499,230,99.7,uyhh5u2ezau9f095symdh3sa,C. Armiento,,3988141675,114,,3986771495,328,3986771491,103,5.6,3986771415,20,,3986771501,231,3986771489,102,40.7,3986771493,214,3986771479,75,,,52.3,,3986771497,391,,,,,,,
2499053127,609,5,2,76,23,v046no35g7ebk8lytdjmfb43,0,101.4,42.6,2023-01-21T10:22:12.982Z,2023-01-21T10:45:17Z,3986771369,346,,3986771393,233,859,3986771367,56,Center,,,,,,,,,,,,,,,,uyhh5u2ezau9f095symdh3sa,C. Armiento,,,,,,,,,,,,,,,,,,,,,,,,,,,,,,,,,,
2499053119,859,5,2,76,23,c33jm806py6adse5wv9wx6ch1,1,-1.4,57.4,2023-01-21T10:22:12.982Z,2023-01-21T10:22:16Z,3986771375,233,609,3986771339,346,,3986771337,56,Back,,,,,,,,,,,,,,,,cqoz8o1pse9uspkqvq3cmges5,S. Galloway,,,,,,,,,,,,,,,,,,,,,,,,,,,,,,,,,,
2499053157,861,18,2,76,59,c33jm806py6adse5wv9wx6ch1,1,0,0,2023-01-21T10:22:49.303Z,2023-01-21T16:51:59Z,3986771567,44,Midfielder,3986771565,42,,3986771569,59,14,3986771595,55,862,,,,,,,,,,,,,446scvw0ckoxnvnsqcqocve1h,V. Berisha,,,,,,,,,,,,,,,,,,,,,,,,,,,,,,,,,,
2499053161,862,19,2,76,59,c33jm806py6adse5wv9wx6ch1,1,0,0,2023-01-21T10:22:49.304Z,2023-01-21T16:51:59Z,3986771587,293,4,3986771577,42,,3986771583,59,10,3986771589,44,Midfielder,3986771591,55,861,3986771581,145,10,3986771585,292,7,,,,5he6zl0hg2jxsb2m624xlum6t,F. Berenguer-Bohrer,,,,,,,,,,,,,,,,,,,,,,,,,,,,,,,,,,
2499053181,612,18,2,77,19,v046no35g7ebk8lytdjmfb43,1,0,0,2023-01-21T10:23:09.067Z,2023-01-21T17:01:29Z,3986771689,42,,3986771693,59,17,3986771713,55,613,3986771691,44,Forward,,,,,,,,,,,,,uyhh5u2ezau9f095symdh3sa,C. Armiento,,,,,,,,,,,,,,,,,,,,,,,,,,,,,,,,,,
2499053183,613,19,2,77,19,v046no35g7ebk8lytdjmfb43,1,0,0,2023-01-21T10:23:09.068Z,2023-01-21T17:01:29Z,3986771707,44,Forward,3986771703,292,9,3986771695,42,,3986771709,55,612,3986771701,59,7,3986771705,293,1,3986771699,145,10,,,,cl816ciqmvh4bjzm9vjq4wyga,Rahmat Akbari,,,,,,,,,,,,,,,,,,,,,,,,,,,,,,,,,,
2499053205,614,18,2,77,34,v046no35g7ebk8lytdjmfb43,1,0,0,2023-01-21T10:23:24.777Z,2023-01-21T17:01:37Z,3986771839,42,,3986771843,59,28,3986771841,44,Forward,3986771869,55,615,,,,,,,,,,,,,4s2umn33b5fo5zcpkwjcbry7d,J. Knowles,,,,,,,,,,,,,,,,,,,,,,,,,,,,,,,,,,
2499053207,615,19,2,77,34,v046no35g7ebk8lytdjmfb43,1,0,0,2023-01-21T10:23:24.778Z,2023-01-21T17:01:38Z,3986771859,44,Forward,3986771849,145,9,3986771853,59,99,3986771857,293,2,3986771845,42,,3986771855,292,9,3986771861,55,614,,,,5h2xmb0gkhtlaeo6p5e3ejo4,A. Majok,,,,,,,,,,,,,,,,,,,,,,,,,,,,,,,,,,
2499053223,863,1,2,77,43,c33jm806py6adse5wv9wx6ch1,1,2.2,53.4,2023-01-21T10:23:33.141Z,2023-01-21T10:23:34Z,3986771949,237,,3986771937,56,Back,3986771943,212,16.2,3986771939,140,9.9,3986771941,141,32.7,3986771945,213,5.2,3986771935,124,,,,,77gcx1qotysu9hbi2hw2gjsvd,T. Glover,,,,,,,,,,,,,,,,,,,,,,,,,,,,,,,,,,
2499053239,864,1,2,77,44,c33jm806py6adse5wv9wx6ch1,1,9.9,32.7,2023-01-21T10:23:34.405Z,2023-01-21T10:23:42Z,3986772009,213,5.3,3986772003,140,18.8,3986772007,212,17.7,3986772005,141,10.6,3986772001,56,Back,,,,,,,,,,bdo2grdx1mgm63gii3zar50id,T. Lam,,,,,,,,,,,,,,,,,,,,,,,,,,,,,,,,,,
2499053245,865,1,2,77,52,c33jm806py6adse5wv9wx6ch1,1,58.1,12.8,2023-01-21T10:23:42.181Z,2023-01-21T10:23:46Z,3986772033,141,6.4,3986772037,213,5.9,3986772035,212,10.4,3986772029,56,Right,3986772031,140,67.1,,,,,,,,,,cqoz8o1pse9uspkqvq3cmges5,S. Galloway,,,,,,,,,,,,,,,,,,,,,,,,,,,,,,,,,,
2499053247,866,1,2,77,56,c33jm806py6adse5wv9wx6ch1,1,56.7,19.8,2023-01-21T10:23:46.085Z,2023-01-21T10:23:48Z,3986772049,140,38.4,3986772047,56,Back,3986772053,212,19.6,3986772051,141,25.8,3986772055,213,2.9,,,,,,,,,,af7c4t8wp0341io4x0dl02ac5,A. Nabbout,,,,,,,,,,,,,,,,,,,,,,,,,,,,,,,,,,
2499053249,867,1,2,77,58,c33jm806py6adse5wv9wx6ch1,1,38.4,25.8,2023-01-21T10:23:48.309Z,2023-01-21T10:23:50Z,3986772071,213,1.5,3986772067,141,75.0,3986772063,56,Back,3986772069,212,33.6,3986772073,1,,3986772065,140,41.8,,,,,,,bdo2grdx1mgm63gii3zar50id,T. Lam,,,,,,,,,,,,,,,,,,,,,,,,,,,,,,,,,,
2499053253,868,1,2,78,0,c33jm806py6adse5wv9wx6ch1,1,41.8,75,2023-01-21T10:23:50.373Z,2023-01-21T10:23:52Z,3986772091,212,14.2,3986772087,140,55.0,3986772085,56,Left,3986772089,141,79.4,3986772093,213,0.2,,,,,,,,,,dnpala3bol8svyc2awng6iv9x,C. Good,,,,,,,,,,,,,,,,,,,,,,,,,,,,,,,,,,
2499053255,869,1,2,78,2,c33jm806py6adse5wv9wx6ch1,0,55,79.4,2023-01-21T10:23:52.325Z,2023-01-21T10:23:56Z,3986772101,56,Left,3986772105,141,82.7,3986772139,233,616,3986772143,286,,3986772137,236,,3986772109,213,1.2,3986772107,212,2.4,3986772103,140,55.9,8wbljx8706rh6uyhf8eegl1w5,S. Jamieson,,,,,,,,,,,,,,,,,,,,,,,,,,,,,,,,,,
2499053259,616,74,2,78,2,v046no35g7ebk8lytdjmfb43,1,38.9,11.7,2023-01-21T10:23:52.326Z,2023-01-21T10:23:56Z,3986772121,56,Back,3986772149,233,869,3986772123,285,,,,,,,,,,,,,,,,,c0p9hlssgk28sutlee99c24t1,J. Brindell-South,,,,,,,,,,,,,,,,,,,,,,,,,,,,,,,,,,
2499053263,617,5,2,78,5,v046no35g7ebk8lytdjmfb43,0,43.6,-1.8,2023-01-21T10:23:55.078Z,2023-01-21T10:24:03Z,3986772135,347,,3986772133,56,Back,3986772199,233,870,,,,,,,,,,,,,,,,c0p9hlssgk28sutlee99c24t1,J. Brindell-South,,,,,,,,,,,,,,,,,,,,,,,,,,,,,,,,,,
2499053273,870,5,2,78,5,c33jm806py6adse5wv9wx6ch1,1,56.4,101.8,2023-01-21T10:23:55.078Z,2023-01-21T10:45:17Z,3986772179,56,Left,3986772181,347,,3986772183,233,617,,,,,,,,,,,,,,,,8wbljx8706rh6uyhf8eegl1w5,S. Jamieson,,,,,,,,,,,,,,,,,,,,,,,,,,,,,,,,,,
2499053277,871,1,2,78,12,c33jm806py6adse5wv9wx6ch1,1,53.6,100,2023-01-21T10:24:02.788Z,2023-01-21T10:24:06Z,3986772203,107,,3986772207,140,56.2,3986772211,212,7.3,3986772205,56,Left,3986772213,213,5.1,3986772209,141,91.7,,,,,,,7cdvlgpi8g3e8ttspzvr1k251,M. Leckie,,,,,,,,,,,,,,,,,,,,,,,,,,,,,,,,,,
2499053281,872,1,2,78,13,c33jm806py6adse5wv9wx6ch1,1,59.7,89.4,2023-01-21T10:24:03.308Z,2023-01-21T10:41:50Z,3986772229,213,1.6,3986772227,212,5.5,3986772223,140,59.5,3986772221,56,Left,3986772225,141,97.5,,,,,,,,,,bcytv86dp6kqrsosu6gck9q7d,A. O'Neill,,,,,,,,,,,,,,,,,,,,,,,,,,,,,,,,,,
2499053317,878,1,2,78,14,c33jm806py6adse5wv9wx6ch1,0,57.8,96.4,2023-01-21T10:24:04.109Z,2023-01-21T10:41:49Z,3986772547,141,96.0,3986772543,56,Left,3986772549,212,10.4,3986772551,213,6.3,3986772545,140,67.7,,,,,,,,,,7cdvlgpi8g3e8ttspzvr1k251,M. Leckie,,,,,,,,,,,,,,,,,,,,,,,,,,,,,,,,,,
2499053283,618,49,2,78,17,v046no35g7ebk8lytdjmfb43,1,25.3,2.8,2023-01-21T10:24:07.238Z,2023-01-21T10:24:07Z,,,,,,,,,,,,,,,,,,,,,,,,,abfwfqsv8o9xsnkor896869cl,J. O'Shea,,,,,,,,,,,,,,,,,,,,,,,,,,,,,,,,,,
2499053285,619,1,2,78,17,v046no35g7ebk8lytdjmfb43,0,25.6,2.8,2023-01-21T10:24:07.589Z,2023-01-21T10:24:09Z,3986772233,157,,3986772237,140,60.6,3986772243,213,6.2,3986772239,141,0.0,3986772241,212,36.8,3986772245,1,,3986772235,56,Right,,,,abfwfqsv8o9xsnkor896869cl,J. O'Shea,,,,,,,,,,,,,,,,,,,,,,,,,,,,,,,,,,
2499053287,620,5,2,78,19,v046no35g7ebk8lytdjmfb43,0,53.8,-1.2,2023-01-21T10:24:09.541Z,2023-01-21T10:45:17Z,3986772249,347,,3986772277,233,873,3986772247,56,Right,,,,,,,,,,,,,,,,abfwfqsv8o9xsnkor896869cl,J. O'Shea,,,,,,,,,,,,,,,,,,,,,,,,,,,,,,,,,,
2499053291,873,5,2,78,19,c33jm806py6adse5wv9wx6ch1,1,46.2,101.2,2023-01-21T10:24:09.541Z,2023-01-21T10:24:19Z,3986772267,56,Back,3986772273,233,620,3986772269,347,,,,,,,,,,,,,,,,,bcytv86dp6kqrsosu6gck9q7d,A. O'Neill,,,,,,,,,,,,,,,,,,,,,,,,,,,,,,,,,,
2499053301,874,1,2,78,34,c33jm806py6adse5wv9wx6ch1,1,52.9,100,2023-01-21T10:24:24.933Z,2023-01-21T10:24:27Z,3986772323,140,60.8,3986772319,107,,3986772327,212,10.1,3986772325,141,93.2,3986772329,213,5.7,3986772321,56,Left,,,,,,,8wbljx8706rh6uyhf8eegl1w5,S. Jamieson,,,,,,,,,,,,,,,,,,,,,,,,,,,,,,,,,,
2499053305,875,50,2,78,37,c33jm806py6adse5wv9wx6ch1,1,64,91.1,2023-01-21T10:24:27.156Z,2023-01-21T10:24:28Z,3986772339,286,,3986772337,56,Left,3986772345,233,621,,,,,,,,,,,,,,,,7cdvlgpi8g3e8ttspzvr1k251,M. Leckie,,,,,,,,,,,,,,,,,,,,,,,,,,,,,,,,,,
2499053303,621,7,2,78,37,v046no35g7ebk8lytdjmfb43,0,36,8.9,2023-01-21T10:24:27.157Z,2023-01-21T17:02:08Z,3986772335,285,,3988187441,385,,3986772333,56,Back,3986772341,233,875,,,,,,,,,,,,,c0p9hlssgk28sutlee99c24t1,J. Brindell-South,,,,,,,,,,,,,,,,,,,,,,,,,,,,,,,,,,
2499053309,876,1,2,78,38,c33jm806py6adse5wv9wx6ch1,1,58,93,2023-01-21T10:24:28.437Z,2023-01-21T10:28:49Z,3986772383,213,5.0,3986772377,140,58.8,3986772375,56,Left,3986772379,141,88.7,3986772381,212,3.0,,,,,,,,,,8wbljx8706rh6uyhf8eegl1w5,S. Jamieson,,,,,,,,,,,,,,,,,,,,,,,,,,,,,,,,,,
2499053311,877,50,2,78,44,c33jm806py6adse5wv9wx6ch1,1,67.8,80,2023-01-21T10:24:34.630Z,2023-01-21T10:28:48Z,3986772405,233,622,3986772389,286,,3986772387,56,Left,,,,,,,,,,,,,,,,7cdvlgpi8g3e8ttspzvr1k251,M. Leckie,,,,,,,,,,,,,,,,,,,,,,,,,,,,,,,,,,
2499053313,622,7,2,78,44,v046no35g7ebk8lytdjmfb43,0,32.2,20,2023-01-21T10:24:34.631Z,2023-01-21T17:02:18Z,3986772393,285,,3986772395,233,877,3988187845,385,,3986772391,56,Back,,,,,,,,,,,,,7mgwfxva7w88k90jhjd1wx3o5,S. Neville,,,,,,,,,,,,,,,,,,,,,,,,,,,,,,,,,,
2499053675,925,50,2,78,45,c33jm806py6adse5wv9wx6ch1,1,70.9,68,2023-01-21T10:24:35.203Z,2023-01-21T10:28:46Z,3986774267,56,Center,3986774269,286,,3986774295,233,645,,,,,,,,,,,,,,,,7cdvlgpi8g3e8ttspzvr1k251,M. Leckie,,,,,,,,,,,,,,,,,,,,,,,,,,,,,,,,,,
2499053677,645,7,2,78,45,v046no35g7ebk8lytdjmfb43,1,29.1,32,2023-01-21T10:24:35.204Z,2023-01-21T17:02:28Z,3986774273,285,,3986774291,233,925,3986774271,56,Back,3988188503,383,,,,,,,,,,,,,,7mgwfxva7w88k90jhjd1wx3o5,S. Neville,,,,,,,,,,,,,,,,,,,,,,,,,,,,,,,,,,
2499053315,623,49,2,78,46,v046no35g7ebk8lytdjmfb43,1,32.6,27.4,2023-01-21T10:24:36.183Z,2023-01-21T10:24:36Z,,,,,,,,,,,,,,,,,,,,,,,,,7mgwfxva7w88k90jhjd1wx3o5,S. Neville,,,,,,,,,,,,,,,,,,,,,,,,,,,,,,,,,,
2499053319,624,1,2,78,46,v046no35g7ebk8lytdjmfb43,1,32.7,27.4,2023-01-21T10:24:36.597Z,2023-01-21T10:24:37Z,3986772415,140,42.6,3986772419,212,13.6,3986772413,56,Back,3986772417,141,40.3,3986772421,213,0.7,,,,,,,,,,7mgwfxva7w88k90jhjd1wx3o5,S. Neville,,,,,,,,,,,,,,,,,,,,,,,,,,,,,,,,,,
2499053321,625,50,2,78,47,v046no35g7ebk8lytdjmfb43,1,44,45.2,2023-01-21T10:24:37.830Z,2023-01-21T10:24:40Z,3986772427,286,,3986772425,56,Back,3986772447,233,879,,,,,,,,,,,,,,,,5h2xmb0gkhtlaeo6p5e3ejo4,A. Majok,,,,,,,,,,,,,,,,,,,,,,,,,,,,,,,,,,
2499053323,879,7,2,78,47,c33jm806py6adse5wv9wx6ch1,1,56,54.8,2023-01-21T10:24:37.831Z,2023-01-21T17:02:34Z,3988188613,384,,3986772433,56,Center,3986772439,233,625,3986772435,285,,,,,,,,,,,,,,bdo2grdx1mgm63gii3zar50id,T. Lam,,,,,,,,,,,,,,,,,,,,,,,,,,,,,,,,,,
2499053325,880,49,2,78,49,c33jm806py6adse5wv9wx6ch1,1,59.1,26.7,2023-01-21T10:24:39.765Z,2023-01-21T10:24:40Z,,,,,,,,,,,,,,,,,,,,,,,,,7q8urr40blud747zzb3io8w5x,R. van der Venne,,,,,,,,,,,,,,,,,,,,,,,,,,,,,,,,,,
2499053327,881,1,2,78,49,c33jm806py6adse5wv9wx6ch1,1,59.1,26.7,2023-01-21T10:24:39.909Z,2023-01-21T10:24:41Z,3986772457,141,25.2,3986772453,56,Back,3986772461,213,3.2,3986772459,212,9.7,3986772455,140,49.9,,,,,,,,,,7q8urr40blud747zzb3io8w5x,R. van der Venne,,,,,,,,,,,,,,,,,,,,,,,,,,,,,,,,,,
2499053329,882,1,2,78,51,c33jm806py6adse5wv9wx6ch1,1,49.9,25.2,2023-01-21T10:24:41.236Z,2023-01-21T10:24:42Z,3986772467,140,53.2,3986772471,212,14.4,3986772465,56,Center,3986772473,213,1.3,3986772469,141,45.8,,,,,,,,,,cqoz8o1pse9uspkqvq3cmges5,S. Galloway,,,,,,,,,,,,,,,,,,,,,,,,,,,,,,,,,,
2499053331,883,1,2,78,52,c33jm806py6adse5wv9wx6ch1,1,53.2,45.8,2023-01-21T10:24:42.788Z,2023-01-21T10:24:45Z,3986772489,140,62.9,3986772493,212,12.1,3986772495,213,5.7,3986772487,56,Center,3986772491,141,36.1,,,,,,,,,,bdo2grdx1mgm63gii3zar50id,T. Lam,,,,,,,,,,,,,,,,,,,,,,,,,,,,,,,,,,
2499053335,884,1,2,78,55,c33jm806py6adse5wv9wx6ch1,1,64.4,28,2023-01-21T10:24:45.012Z,2023-01-21T10:24:46Z,3986772507,141,7.6,3986772511,213,5.4,3986772503,56,Right,3986772509,212,18.2,3986772505,140,75.6,,,,,,,,,,bcytv86dp6kqrsosu6gck9q7d,A. O'Neill,,,,,,,,,,,,,,,,,,,,,,,,,,,,,,,,,,
2499053339,885,1,2,78,56,c33jm806py6adse5wv9wx6ch1,1,75.6,7.6,2023-01-21T10:24:46.853Z,2023-01-21T10:24:49Z,3986772529,141,13.2,3986772533,213,2.7,3986772527,140,68.8,3986772525,56,Right,3986772531,212,8.1,,,,,,,,,,af7c4t8wp0341io4x0dl02ac5,A. Nabbout,,,,,,,,,,,,,,,,,,,,,,,,,,,,,,,,,,
2499053347,886,1,2,78,59,c33jm806py6adse5wv9wx6ch1,1,64.2,13.4,2023-01-21T10:24:49.060Z,2023-01-21T10:24:51Z,3986772557,56,Right,3986772563,212,7.8,3986772559,140,57.2,3986772561,141,9.4,3986772565,213,3.5,,,,,,,,,,7q8urr40blud747zzb3io8w5x,R. van der Venne,,,,,,,,,,,,,,,,,,,,,,,,,,,,,,,,,,
2499053349,887,1,2,79,1,c33jm806py6adse5wv9wx6ch1,1,59,5.6,2023-01-21T10:24:51.588Z,2023-01-21T10:24:53Z,3986772575,212,14.9,3986772571,140,73.2,3986772573,141,4.4,3986772577,213,6.2,3986772569,56,Right,,,,,,,,,,cqoz8o1pse9uspkqvq3cmges5,S. Galloway,,,,,,,,,,,,,,,,,,,,,,,,,,,,,,,,,,
2499053357,888,1,2,79,3,c33jm806py6adse5wv9wx6ch1,1,70.7,3.8,2023-01-21T10:24:53.700Z,2023-01-21T10:25:23Z,3986772601,213,3.2,3986772599,212,8.3,3986772593,56,Right,3986772597,141,2.9,3986772595,140,62.8,,,,,,,,,,af7c4t8wp0341io4x0dl02ac5,A. Nabbout,,,,,,,,,,,,,,,,,,,,,,,,,,,,,,,,,,
2499053385,890,61,2,79,4,c33jm806py6adse5wv9wx6ch1,0,58.7,2.2,2023-01-21T10:24:54.364Z,2023-01-21T10:25:20Z,3986772705,56,Right,,,,,,,,,,,,,,,,,,,,,,cqoz8o1pse9uspkqvq3cmges5,S. Galloway,,,,,,,,,,,,,,,,,,,,,,,,,,,,,,,,,,
2499053379,626,5,2,79,7,v046no35g7ebk8lytdjmfb43,1,42.5,100.8,2023-01-21T10:24:57.270Z,2023-01-21T10:25:11Z,3986772663,56,Back,3986772665,347,,3986772669,233,889,,,,,,,,,,,,,,,,5h2xmb0gkhtlaeo6p5e3ejo4,A. Majok,,,,,,,,,,,,,,,,,,,,,,,,,,,,,,,,,,
2499053359,889,5,2,79,7,c33jm806py6adse5wv9wx6ch1,0,57.5,-0.8,2023-01-21T10:24:57.270Z,2023-01-21T10:45:17Z,3986772673,233,626,3986772603,56,Right,3986772605,347,,,,,,,,,,,,,,,,,af7c4t8wp0341io4x0dl02ac5,A. Nabbout,,,,,,,,,,,,,,,,,,,,,,,,,,,,,,,,,,
2499053405,891,17,2,79,10,c33jm806py6adse5wv9wx6ch1,1,0,0,2023-01-21T10:25:00.084Z,2023-01-21T17:03:16Z,3986772949,189,,3986772781,31,,3988190697,392,,3988190699,13,243,,,,,,,,,,,,,7cdvlgpi8g3e8ttspzvr1k251,M. Leckie,,,,,,,,,,,,,,,,,,,,,,,,,,,,,,,,,,
2499053403,627,1,2,79,41,v046no35g7ebk8lytdjmfb43,0,44.5,100,2023-01-21T10:25:30.981Z,2023-01-21T10:25:31Z,3986772773,141,95.4,3986772777,213,6.1,3986772769,56,Left,3986772775,212,24.5,3986772771,140,67.5,3986772767,107,,3986772779,1,,,,,bhl2kwvi52osrdsdnbtw45lyi,J. Courtney-Perkins,,,,,,,,,,,,,,,,,,,,,,,,,,,,,,,,,,
2499053409,892,61,2,79,43,c33jm806py6adse5wv9wx6ch1,1,23.3,11.3,2023-01-21T10:25:33.780Z,2023-01-21T10:26:09Z,3986772951,189,,3986772797,56,Back,,,,,,,,,,,,,,,,,,,cqoz8o1pse9uspkqvq3cmges5,S. Galloway,,,,,,,,,,,,,,,,,,,,,,,,,,,,,,,,,,
2499053413,628,1,2,79,44,v046no35g7ebk8lytdjmfb43,1,58.8,91.5,2023-01-21T10:25:34.341Z,2023-01-21T10:28:00Z,3986772819,212,11.2,3986772813,56,Left,3986772817,141,83.5,3986772821,213,5.8,3986772815,140,68.1,3986772811,3,,,,,,,,bhl2kwvi52osrdsdnbtw45lyi,J. Courtney-Perkins,,,,,,,,,,,,,,,,,,,,,,,,,,,,,,,,,,
2499053415,629,1,2,79,45,v046no35g7ebk8lytdjmfb43,0,68.2,83.3,2023-01-21T10:25:35.317Z,2023-01-21T10:25:36Z,3986772837,56,Center,3986772833,3,,3986772843,212,11.8,3986772839,140,74.9,3986772845,213,5.4,3986772841,141,69.4,3986772835,168,,,,,5h2xmb0gkhtlaeo6p5e3ejo4,A. Majok,,,,,,,,,,,,,,,,,,,,,,,,,,,,,,,,,,
2499053417,893,49,2,79,46,c33jm806py6adse5wv9wx6ch1,1,23.9,35.7,2023-01-21T10:25:36.612Z,2023-01-21T10:25:36Z,,,,,,,,,,,,,,,,,,,,,,,,,dnpala3bol8svyc2awng6iv9x,C. Good,,,,,,,,,,,,,,,,,,,,,,,,,,,,,,,,,,
2499053423,894,1,2,79,46,c33jm806py6adse5wv9wx6ch1,1,23.9,35.7,2023-01-21T10:25:36.804Z,2023-01-21T10:25:39Z,3986772893,140,11.7,3986772897,212,12.8,3986772899,213,3.1,3986772895,141,36.0,3986772891,56,Back,,,,,,,,,,dnpala3bol8svyc2awng6iv9x,C. Good,,,,,,,,,,,,,,,,,,,,,,,,,,,,,,,,,,
2499053425,895,1,2,79,49,c33jm806py6adse5wv9wx6ch1,0,11.7,36,2023-01-21T10:25:39.015Z,2023-01-21T10:25:39Z,3986772911,157,,3986772915,140,15.2,3986772923,1,,3986772921,213,4.9,3986772917,141,0.0,3986772913,56,Back,3986772919,212,25.7,,,,77gcx1qotysu9hbi2hw2gjsvd,T. Glover,,,,,,,,,,,,,,,,,,,,,,,,,,,,,,,,,,
2499053433,630,5,2,79,49,v046no35g7ebk8lytdjmfb43,1,85.4,101.5,2023-01-21T10:25:39.633Z,2023-01-21T10:45:18Z,3986772975,347,,3986772977,233,896,3986772973,56,Left,,,,,,,,,,,,,,,,5h2xmb0gkhtlaeo6p5e3ejo4,A. Majok,,,,,,,,,,,,,,,,,,,,,,,,,,,,,,,,,,
2499053427,896,5,2,79,49,c33jm806py6adse5wv9wx6ch1,0,14.6,-1.5,2023-01-21T10:25:39.633Z,2023-01-21T10:25:49Z,3986772931,56,Back,3986772933,347,,3986772983,233,630,,,,,,,,,,,,,,,,77gcx1qotysu9hbi2hw2gjsvd,T. Glover,,,,,,,,,,,,,,,,,,,,,,,,,,,,,,,,,,
2499053435,631,1,2,79,58,v046no35g7ebk8lytdjmfb43,1,80.1,100,2023-01-21T10:25:48.436Z,2023-01-21T10:25:49Z,3986772997,213,4.1,3986772993,141,82.0,3986772989,56,Left,3986772991,140,71.2,3986772987,107,,3986772995,212,16.3,,,,,,,bhl2kwvi52osrdsdnbtw45lyi,J. Courtney-Perkins,,,,,,,,,,,,,,,,,,,,,,,,,,,,,,,,,,
2499053437,632,1,2,79,59,v046no35g7ebk8lytdjmfb43,1,71.2,81.8,2023-01-21T10:25:49.509Z,2023-01-21T10:25:57Z,3986773019,140,80.6,3986773025,213,0.0,3986773021,141,82.3,3986773017,56,Left,3986773023,212,9.9,,,,,,,,,,abfwfqsv8o9xsnkor896869cl,J. O'Shea,,,,,,,,,,,,,,,,,,,,,,,,,,,,,,,,,,
2499053439,633,61,2,80,0,v046no35g7ebk8lytdjmfb43,1,79.3,82.9,2023-01-21T10:25:50.045Z,2023-01-21T10:26:01Z,3986773031,56,Left,,,,,,,,,,,,,,,,,,,,,,1hcnrw2udxcdff6bre73sv1pm,H. Hore,,,,,,,,,,,,,,,,,,,,,,,,,,,,,,,,,,
2499053467,634,68,2,80,30,v046no35g7ebk8lytdjmfb43,0,0,0,2023-01-21T10:26:20.023Z,2023-01-21T10:26:21Z,,,,,,,,,,,,,,,,,,,,,,,,,,,,,,,,,,,,,,,,,,,,,,,,,,,,,,,,,,,,
2499053469,897,68,2,80,30,c33jm806py6adse5wv9wx6ch1,1,0,0,2023-01-21T10:26:20.292Z,2023-01-21T10:26:20Z,,,,,,,,,,,,,,,,,,,,,,,,,,,,,,,,,,,,,,,,,,,,,,,,,,,,,,,,,,,,
2499053473,898,49,2,80,32,c33jm806py6adse5wv9wx6ch1,1,13.9,11.9,2023-01-21T10:26:22.821Z,2023-01-21T10:26:22Z,,,,,,,,,,,,,,,,,,,,,,,,,bdo2grdx1mgm63gii3zar50id,T. Lam,,,,,,,,,,,,,,,,,,,,,,,,,,,,,,,,,,
2499053475,899,1,2,80,33,c33jm806py6adse5wv9wx6ch1,1,13.9,11.9,2023-01-21T10:26:22.965Z,2023-01-21T10:26:23Z,3986773175,56,Back,3986773181,212,21.4,3986773179,141,42.2,3986773183,213,1.8,3986773177,140,8.5,,,,,,,,,,bdo2grdx1mgm63gii3zar50id,T. Lam,,,,,,,,,,,,,,,,,,,,,,,,,,,,,,,,,,
2499053481,900,1,2,80,33,c33jm806py6adse5wv9wx6ch1,1,8.5,42.2,2023-01-21T10:26:23.636Z,2023-01-21T10:26:26Z,3986773201,140,22.4,3986773205,212,27.9,3986773207,213,1.0,3986773199,56,Back,3986773203,141,77.2,,,,,,,,,,77gcx1qotysu9hbi2hw2gjsvd,T. Glover,,,,,,,,,,,,,,,,,,,,,,,,,,,,,,,,,,
2499053483,901,1,2,80,36,c33jm806py6adse5wv9wx6ch1,1,22.4,77.2,2023-01-21T10:26:26.356Z,2023-01-21T10:26:27Z,3986773215,141,46.7,3986773219,213,4.0,3986773211,56,Back,3986773213,140,6.4,3986773217,212,26.7,,,,,,,,,,dnpala3bol8svyc2awng6iv9x,C. Good,,,,,,,,,,,,,,,,,,,,,,,,,,,,,,,,,,
2499053491,902,1,2,80,37,c33jm806py6adse5wv9wx6ch1,1,3.3,45.4,2023-01-21T10:26:27.812Z,2023-01-21T10:26:31Z,3986773251,213,1.4,3986773245,140,8.7,3986773247,141,89.8,3986773243,56,Back,3986773249,212,30.7,,,,,,,,,,77gcx1qotysu9hbi2hw2gjsvd,T. Glover,,,,,,,,,,,,,,,,,,,,,,,,,,,,,,,,,,
2499053497,903,1,2,80,42,c33jm806py6adse5wv9wx6ch1,1,14.3,90.2,2023-01-21T10:26:32.660Z,2023-01-21T10:26:37Z,3986773275,56,Back,3986773279,141,94.7,3986773281,212,22.7,3986773283,213,0.1,3986773277,140,35.7,,,,,,,,,,dnpala3bol8svyc2awng6iv9x,C. Good,,,,,,,,,,,,,,,,,,,,,,,,,,,,,,,,,,
2499053499,904,1,2,80,45,c33jm806py6adse5wv9wx6ch1,0,34.8,96.2,2023-01-21T10:26:35.700Z,2023-01-21T10:28:03Z,3986773287,56,Back,3986773295,213,0.4,3986773291,141,100.0,3986773293,212,8.9,3986773289,140,42.6,,,,,,,,,,5he6zl0hg2jxsb2m624xlum6t,F. Berenguer-Bohrer,,,,,,,,,,,,,,,,,,,,,,,,,,,,,,,,,,
2499053505,635,5,2,80,46,v046no35g7ebk8lytdjmfb43,1,56.4,-1.8,2023-01-21T10:26:36.501Z,2023-01-21T10:26:40Z,3986773313,233,905,3986773309,56,Right,3986773311,347,,,,,,,,,,,,,,,,,1hcnrw2udxcdff6bre73sv1pm,H. Hore,,,,,,,,,,,,,,,,,,,,,,,,,,,,,,,,,,
2499053501,905,5,2,80,46,c33jm806py6adse5wv9wx6ch1,0,43.6,101.8,2023-01-21T10:26:36.501Z,2023-01-21T10:45:18Z,3986773299,347,,3986773317,233,635,3986773297,56,Back,,,,,,,,,,,,,,,,5he6zl0hg2jxsb2m624xlum6t,F. Berenguer-Bohrer,,,,,,,,,,,,,,,,,,,,,,,,,,,,,,,,,,
2499053509,636,1,2,80,50,v046no35g7ebk8lytdjmfb43,1,59.1,0,2023-01-21T10:26:40.132Z,2023-01-21T10:27:22Z,3986773331,140,66.6,3986773335,212,13.6,3986773337,213,1.0,3986773327,107,,3986773333,141,14.3,3986773607,189,,3986773329,56,Right,,,,7mgwfxva7w88k90jhjd1wx3o5,S. Neville,,,,,,,,,,,,,,,,,,,,,,,,,,,,,,,,,,
2499053513,637,1,2,80,51,v046no35g7ebk8lytdjmfb43,1,65.3,15.5,2023-01-21T10:26:41.300Z,2023-01-21T10:27:12Z,3986773351,56,Center,3986773355,141,31.3,3986773359,213,2.4,3986773609,189,,3986773357,212,15.9,3986773353,140,54.2,,,,,,,dhnssdf1iuorniavvla5zbwx6,K. Trewin,,,,,,,,,,,,,,,,,,,,,,,,,,,,,,,,,,
2499053517,638,1,2,80,53,v046no35g7ebk8lytdjmfb43,1,54.2,32.1,2023-01-21T10:26:43.671Z,2023-01-21T10:27:10Z,3986773389,1,,3986773379,56,Left,3986773377,155,,3986773387,213,1.1,3986773383,141,86.9,3986773381,140,73.7,3986773385,212,42.5,,,,abfwfqsv8o9xsnkor896869cl,J. O'Shea,,,,,,,,,,,,,,,,,,,,,,,,,,,,,,,,,,
2499053521,639,1,2,80,55,v046no35g7ebk8lytdjmfb43,1,78.7,87.1,2023-01-21T10:26:45.236Z,2023-01-21T10:26:47Z,3986773417,213,6.2,3986773409,56,Left,3986773413,141,84.8,3986773411,140,91.2,3986773415,212,13.2,,,,,,,,,,bhl2kwvi52osrdsdnbtw45lyi,J. Courtney-Perkins,,,,,,,,,,,,,,,,,,,,,,,,,,,,,,,,,,
2499325379,766,3,2,81,2,v046no35g7ebk8lytdjmfb43,1,93.8,92.5,2023-01-21T10:26:52.308Z,2023-01-21T17:23:41Z,3988196811,286,,3988197007,464,,3988250735,233,1060,3988196809,56,Left,,,,,,,,,,,,,5h2xmb0gkhtlaeo6p5e3ejo4,A. Majok,,,,,,,,,,,,,,,,,,,,,,,,,,,,,,,,,,
2499325385,1060,45,2,81,2,c33jm806py6adse5wv9wx6ch1,0,6.2,7.5,2023-01-21T10:26:52.308Z,2023-01-21T17:23:42Z,3988250755,233,766,3988196831,56,Back,3988196833,285,,,,,,,,,,,,,,,,,cqoz8o1pse9uspkqvq3cmges5,S. Galloway,,,,,,,,,,,,,,,,,,,,,,,,,,,,,,,,,,
2499053533,640,61,2,81,3,v046no35g7ebk8lytdjmfb43,1,87.9,89,2023-01-21T10:26:53.078Z,2023-01-21T10:26:53Z,3986773463,56,Left,,,,,,,,,,,,,,,,,,,,,,5h2xmb0gkhtlaeo6p5e3ejo4,A. Majok,,,,,,,,,,,,,,,,,,,,,,,,,,,,,,,,,,
2499053541,641,1,2,81,6,v046no35g7ebk8lytdjmfb43,0,93.9,95.4,2023-01-21T10:26:56.036Z,2023-01-21T17:05:23Z,3988197269,72,,3986773495,212,31.1,3986773491,140,95.2,3988197267,224,,3986773485,2,,3986773507,233,906,3986773487,155,,3986773493,141,49.7,bhl2kwvi52osrdsdnbtw45lyi,J. Courtney-Perkins,,3986773489,56,Center,3986773497,213,,,,,,,,,,,,,,,,,4.8,,,,,,,,,,,
2499053545,906,11,2,81,8,c33jm806py6adse5wv9wx6ch1,1,4.7,50,2023-01-21T10:26:58.612Z,2023-01-21T17:05:28Z,3986773511,233,641,3986773503,56,Back,3988197467,378,,3986773505,88,,,,,,,,,,,,,,77gcx1qotysu9hbi2hw2gjsvd,T. Glover,,,,,,,,,,,,,,,,,,,,,,,,,,,,,,,,,,
2499053557,907,1,2,81,15,c33jm806py6adse5wv9wx6ch1,1,4.7,50,2023-01-21T10:27:05.156Z,2023-01-21T10:27:08Z,3986773569,123,,3986773571,56,Back,3986773575,141,70.0,3986773577,212,23.0,3986773573,140,22.4,3986773579,213,0.6,,,,,,,77gcx1qotysu9hbi2hw2gjsvd,T. Glover,,,,,,,,,,,,,,,,,,,,,,,,,,,,,,,,,,
2499053563,908,1,2,81,18,c33jm806py6adse5wv9wx6ch1,1,23.6,70.6,2023-01-21T10:27:08.692Z,2023-01-21T10:27:11Z,3986773603,213,5.9,3986773595,56,Back,3986773597,140,31.2,3986773599,141,65.4,3986773601,212,8.7,,,,,,,,,,dnpala3bol8svyc2awng6iv9x,C. Good,,,,,,,,,,,,,,,,,,,,,,,,,,,,,,,,,,
2499053565,909,1,2,81,21,c33jm806py6adse5wv9wx6ch1,1,30.9,65.4,2023-01-21T10:27:10.996Z,2023-01-21T10:27:13Z,3986773613,140,27.4,3986773617,212,5.6,3986773615,141,59.1,3986773619,213,4.0,3986773611,56,Back,,,,,,,,,,5he6zl0hg2jxsb2m624xlum6t,F. Berenguer-Bohrer,,,,,,,,,,,,,,,,,,,,,,,,,,,,,,,,,,
2499053567,910,1,2,81,23,c33jm806py6adse5wv9wx6ch1,1,27.4,59.1,2023-01-21T10:27:13.748Z,2023-01-21T10:27:14Z,3986773627,140,37.8,3986773633,213,5.2,3986773629,141,27.7,3986773631,212,24.0,3986773625,56,Back,,,,,,,,,,bcytv86dp6kqrsosu6gck9q7d,A. O'Neill,,,,,,,,,,,,,,,,,,,,,,,,,,,,,,,,,,
2499053575,911,1,2,81,24,c33jm806py6adse5wv9wx6ch1,1,37.8,27.7,2023-01-21T10:27:14.884Z,2023-01-21T10:27:18Z,3986773657,141,9.8,3986773653,56,Back,3986773659,212,12.3,3986773661,213,4.6,3986773655,140,36.1,,,,,,,,,,7q8urr40blud747zzb3io8w5x,R. van der Venne,,,,,,,,,,,,,,,,,,,,,,,,,,,,,,,,,,
2499053577,912,1,2,81,28,c33jm806py6adse5wv9wx6ch1,1,41.9,18.9,2023-01-21T10:27:18.644Z,2023-01-21T10:27:19Z,3986773673,213,1.1,3986773665,56,Back,3986773669,141,33.3,3986773667,140,47.0,3986773671,212,11.2,,,,,,,,,,cqoz8o1pse9uspkqvq3cmges5,S. Galloway,,,,,,,,,,,,,,,,,,,,,,,,,,,,,,,,,,
2499053579,913,1,2,81,29,c33jm806py6adse5wv9wx6ch1,1,47,33.3,2023-01-21T10:27:19.348Z,2023-01-21T10:27:20Z,3986773685,212,10.3,3986773681,140,54.7,3986773679,56,Center,3986773683,141,23.9,3986773687,213,5.6,,,,,,,,,,7q8urr40blud747zzb3io8w5x,R. van der Venne,,,,,,,,,,,,,,,,,,,,,,,,,,,,,,,,,,
2499053587,914,1,2,81,30,c33jm806py6adse5wv9wx6ch1,1,54.7,23.9,2023-01-21T10:27:20.083Z,2023-01-21T10:27:24Z,3986773737,56,Center,3986773745,213,0.5,3986773741,141,29.8,3986773743,212,9.2,3986773739,140,62.6,,,,,,,,,,cqoz8o1pse9uspkqvq3cmges5,S. Galloway,,,,,,,,,,,,,,,,,,,,,,,,,,,,,,,,,,
2499053591,915,1,2,81,34,c33jm806py6adse5wv9wx6ch1,1,70.9,26.1,2023-01-21T10:27:24.788Z,2023-01-21T10:27:28Z,3986773765,141,14.0,3986773761,56,Right,3986773769,213,5.8,3986773763,140,85.6,3986773767,212,17.5,,,,,,,,,,7cdvlgpi8g3e8ttspzvr1k251,M. Leckie,,,,,,,,,,,,,,,,,,,,,,,,,,,,,,,,,,
2499053595,916,1,2,81,38,c33jm806py6adse5wv9wx6ch1,1,85.9,17.3,2023-01-21T10:27:28.163Z,2023-01-21T10:27:30Z,3986773791,140,77.0,3986773795,212,9.4,3986773797,213,3.0,3986773793,141,19.2,3986773789,56,Right,,,,,,,,,,af7c4t8wp0341io4x0dl02ac5,A. Nabbout,,,,,,,,,,,,,,,,,,,,,,,,,,,,,,,,,,
2499053601,917,1,2,81,40,c33jm806py6adse5wv9wx6ch1,1,73,20.4,2023-01-21T10:27:30.500Z,2023-01-21T10:27:33Z,3986773837,213,2.1,3986773833,141,44.3,3986773831,140,63.7,3986773835,212,19.0,3986773829,56,Center,,,,,,,,,,cqoz8o1pse9uspkqvq3cmges5,S. Galloway,,,,,,,,,,,,,,,,,,,,,,,,,,,,,,,,,,
2499053611,918,1,2,81,43,c33jm806py6adse5wv9wx6ch1,1,63.7,44.3,2023-01-21T10:27:33.219Z,2023-01-21T10:27:36Z,3986773871,141,80.2,3986773867,56,Left,3986773875,213,1.7,3986773869,140,61.7,3986773873,212,24.5,,,,,,,,,,dnpala3bol8svyc2awng6iv9x,C. Good,,,,,,,,,,,,,,,,,,,,,,,,,,,,,,,,,,
2499053619,919,1,2,81,46,c33jm806py6adse5wv9wx6ch1,1,60.6,75.1,2023-01-21T10:27:36.662Z,2023-01-21T17:06:10Z,3986773999,210,13,3986773919,213,5.5,3986773913,140,92.0,3986773917,212,47.9,3986773909,155,,3986773921,1,,3986773915,141,24.0,3986773911,56,Center,8wbljx8706rh6uyhf8eegl1w5,S. Jamieson,1,,,,,,,,,,,,,,,,,,,,,,,,,,,,,,,,,
2499053623,920,13,2,81,50,c33jm806py6adse5wv9wx6ch1,1,95.9,26.6,2023-01-21T10:27:40.556Z,2023-01-21T17:06:10Z,3986774017,230,99.8,3988200051,215,,3986774013,102,59.8,3986774007,29,,3986773935,22,,3988200049,77,,3986774015,103,52.8,3986774009,55,919,af7c4t8wp0341io4x0dl02ac5,A. Nabbout,,3986774019,231,49.1,3986773963,20,3988200047,62,,3986773939,56,Center,,,,,,,,,,,,,,,,,,,,,,
2499053621,642,5,2,81,52,v046no35g7ebk8lytdjmfb43,1,-0.9,37.3,2023-01-21T10:27:42.468Z,2023-01-21T10:27:43Z,3986773927,346,,3986773955,233,921,3986773925,56,Back,,,,,,,,,,,,,,,,bhl2kwvi52osrdsdnbtw45lyi,J. Courtney-Perkins,,,,,,,,,,,,,,,,,,,,,,,,,,,,,,,,,,
2499053625,921,5,2,81,52,c33jm806py6adse5wv9wx6ch1,0,100.9,62.7,2023-01-21T10:27:42.468Z,2023-01-21T10:45:18Z,3986773953,346,,3986773951,56,Center,3986773959,233,642,,,,,,,,,,,,,,,,af7c4t8wp0341io4x0dl02ac5,A. Nabbout,,,,,,,,,,,,,,,,,,,,,,,,,,,,,,,,,,
2499053657,643,1,2,82,28,v046no35g7ebk8lytdjmfb43,0,4.8,41,2023-01-21T10:28:18.342Z,2023-01-21T10:28:23Z,3986774151,212,83.5,3986774145,56,Center,3986774155,1,,3986774149,141,44.8,3986774147,140,84.3,3986774157,74,,3986774143,124,,3986774153,213,0.0,cb0y1hi0ozn1rx00vx6a1xr6x,J. Holmes,,,,,,,,,,,,,,,,,,,,,,,,,,,,,,,,,,
2499053659,922,52,2,82,33,c33jm806py6adse5wv9wx6ch1,1,12.4,50.3,2023-01-21T10:28:23.955Z,2023-01-21T17:06:19Z,3988200515,377,,,,,,,,,,,,,,,,,,,,,,,77gcx1qotysu9hbi2hw2gjsvd,T. Glover,,,,,,,,,,,,,,,,,,,,,,,,,,,,,,,,,,
2499053661,923,1,2,82,34,c33jm806py6adse5wv9wx6ch1,1,14.5,57.5,2023-01-21T10:28:24.404Z,2023-01-21T17:06:23Z,3986774173,123,,3986774183,213,5.2,3986774177,140,30.5,3986774185,1,,3986774175,56,Back,3986774179,141,9.4,3986774181,212,36.8,3986774189,287,,77gcx1qotysu9hbi2hw2gjsvd,T. Glover,,,,,,,,,,,,,,,,,,,,,,,,,,,,,,,,,,
2499053671,924,4,2,82,44,c33jm806py6adse5wv9wx6ch1,1,50.7,19.4,2023-01-21T10:28:34.372Z,2023-01-21T17:06:28Z,3986774235,294,,3986774241,286,,3986774239,152,,3986774243,233,644,3986774237,56,Right,3986774233,13,,,,,,,,cqoz8o1pse9uspkqvq3cmges5,S. Galloway,,,,,,,,,,,,,,,,,,,,,,,,,,,,,,,,,,
2499053667,644,4,2,82,44,v046no35g7ebk8lytdjmfb43,0,49.3,80.6,2023-01-21T10:28:34.373Z,2023-01-21T10:29:13Z,3986774217,56,Back,3986774219,152,,3986774249,233,924,3986774493,294,,3986774215,13,,3986774223,285,,,,,,,,5h2xmb0gkhtlaeo6p5e3ejo4,A. Majok,,,,,,,,,,,,,,,,,,,,,,,,,,,,,,,,,,
2499053695,926,1,2,83,4,c33jm806py6adse5wv9wx6ch1,1,44.3,22.3,2023-01-21T10:28:54.595Z,2023-01-21T17:06:39Z,3986774337,56,Back,3986774333,5,,3986774343,212,25.6,3986774339,140,42.7,3986774345,213,1.6,3986774341,141,59.8,3986774335,152,,,,,bdo2grdx1mgm63gii3zar50id,T. Lam,,,,,,,,,,,,,,,,,,,,,,,,,,,,,,,,,,
2499053707,927,1,2,83,6,c33jm806py6adse5wv9wx6ch1,1,40.1,81.4,2023-01-21T10:28:56.435Z,2023-01-21T10:29:01Z,3986774387,140,44.3,3986774391,212,9.2,3986774389,141,93.3,3986774393,213,1.1,3986774385,56,Back,,,,,,,,,,dnpala3bol8svyc2awng6iv9x,C. Good,,,,,,,,,,,,,,,,,,,,,,,,,,,,,,,,,,
2499053711,928,1,2,83,11,c33jm806py6adse5wv9wx6ch1,1,42.9,87.4,2023-01-21T10:29:01.315Z,2023-01-21T10:29:03Z,3986774405,141,70.9,3986774401,56,Center,3986774409,213,5.7,3986774403,140,58.8,3986774407,212,20.1,,,,,,,,,,8wbljx8706rh6uyhf8eegl1w5,S. Jamieson,,,,,,,,,,,,,,,,,,,,,,,,,,,,,,,,,,
2499053713,929,1,2,83,13,c33jm806py6adse5wv9wx6ch1,0,58.8,70.9,2023-01-21T10:29:03.443Z,2023-01-21T17:07:15Z,3986774413,56,Left,3986774417,141,86.8,3986774421,213,1.6,3986774415,140,58.8,3986774419,212,10.8,,,,,,,,,,31v9w4cyk1fxlig452kuc65ed,J. Maclaren,,,,,,,,,,,,,,,,,,,,,,,,,,,,,,,,,,
2499053721,646,49,2,83,18,v046no35g7ebk8lytdjmfb43,1,32.2,17.1,2023-01-21T10:29:08.196Z,2023-01-21T10:29:08Z,,,,,,,,,,,,,,,,,,,,,,,,,dhnssdf1iuorniavvla5zbwx6,K. Trewin,,,,,,,,,,,,,,,,,,,,,,,,,,,,,,,,,,
2499053725,647,1,2,83,18,v046no35g7ebk8lytdjmfb43,1,32.1,17,2023-01-21T10:29:08.548Z,2023-01-21T10:29:10Z,3986774467,212,7.2,3986774463,140,37.0,3986774469,213,5.5,3986774461,56,Back,3986774465,141,9.5,,,,,,,,,,dhnssdf1iuorniavvla5zbwx6,K. Trewin,,,,,,,,,,,,,,,,,,,,,,,,,,,,,,,,,,
2499053727,648,1,2,83,20,v046no35g7ebk8lytdjmfb43,1,35.1,9.5,2023-01-21T10:29:10.372Z,2023-01-21T10:29:12Z,3986774475,140,22.2,3986774479,212,14.3,3986774481,213,2.8,3986774473,56,Back,3986774477,141,16.2,,,,,,,,,,c0p9hlssgk28sutlee99c24t1,J. Brindell-South,,,,,,,,,,,,,,,,,,,,,,,,,,,,,,,,,,
2499053733,649,1,2,83,22,v046no35g7ebk8lytdjmfb43,1,20.8,15.9,2023-01-21T10:29:12.548Z,2023-01-21T10:29:15Z,3986774513,140,10.5,3986774517,212,17.0,3986774515,141,35.2,3986774511,56,Back,3986774519,213,2.3,,,,,,,,,,7mgwfxva7w88k90jhjd1wx3o5,S. Neville,,,,,,,,,,,,,,,,,,,,,,,,,,,,,,,,,,
2499053749,650,1,2,83,25,v046no35g7ebk8lytdjmfb43,1,9.5,36.3,2023-01-21T10:29:15.478Z,2023-01-21T10:29:23Z,3986774585,140,50.5,3986774581,157,,3986774591,213,6.0,3986774589,212,45.4,3986774593,1,,3986774583,56,Right,3986774587,141,15.0,,,,cb0y1hi0ozn1rx00vx6a1xr6x,J. Holmes,,,,,,,,,,,,,,,,,,,,,,,,,,,,,,,,,,
2499053751,651,44,2,83,28,v046no35g7ebk8lytdjmfb43,1,49.5,14.9,2023-01-21T10:29:18.466Z,2023-01-21T10:29:40Z,3986774709,233,930,3986774597,56,Back,3986774713,285,,,,,,,,,,,,,,,,,cl816ciqmvh4bjzm9vjq4wyga,Rahmat Akbari,,,,,,,,,,,,,,,,,,,,,,,,,,,,,,,,,,
2499053745,930,44,2,83,28,c33jm806py6adse5wv9wx6ch1,0,50.5,85.1,2023-01-21T10:29:18.467Z,2023-01-21T10:29:40Z,3986774715,233,651,3986774555,286,,3986774553,56,Left,,,,,,,,,,,,,,,,8wbljx8706rh6uyhf8eegl1w5,S. Jamieson,,,,,,,,,,,,,,,,,,,,,,,,,,,,,,,,,,
2499053753,652,1,2,83,29,v046no35g7ebk8lytdjmfb43,0,47.7,19,2023-01-21T10:29:19.227Z,2023-01-21T17:07:33Z,3986774601,56,Right,3986774787,213,5.5,3986774783,141,0.0,3986774793,3,,3986774779,168,,3986774781,140,60.8,3986774785,212,19.7,,,,cl816ciqmvh4bjzm9vjq4wyga,Rahmat Akbari,,,,,,,,,,,,,,,,,,,,,,,,,,,,,,,,,,
2499053757,653,5,2,83,30,v046no35g7ebk8lytdjmfb43,0,58.4,-1.4,2023-01-21T10:29:20.292Z,2023-01-21T10:45:18Z,3986774609,347,,3986774607,56,Right,3986774623,233,931,,,,,,,,,,,,,,,,cl816ciqmvh4bjzm9vjq4wyga,Rahmat Akbari,,,,,,,,,,,,,,,,,,,,,,,,,,,,,,,,,,
2499053759,931,5,2,83,30,c33jm806py6adse5wv9wx6ch1,1,41.6,101.4,2023-01-21T10:29:20.292Z,2023-01-21T10:29:29Z,3986774619,233,653,3986774615,56,Back,3986774617,347,,,,,,,,,,,,,,,,,8wbljx8706rh6uyhf8eegl1w5,S. Jamieson,,,,,,,,,,,,,,,,,,,,,,,,,,,,,,,,,,
2499053761,932,1,2,83,39,c33jm806py6adse5wv9wx6ch1,1,41.5,100,2023-01-21T10:29:29.252Z,2023-01-21T10:29:30Z,3986774631,140,45.1,3986774629,56,Back,3986774635,212,6.3,3986774637,213,5.4,3986774633,141,93.8,3986774627,107,,,,,,,,8wbljx8706rh6uyhf8eegl1w5,S. Jamieson,,,,,,,,,,,,,,,,,,,,,,,,,,,,,,,,,,
2499053767,933,1,2,83,39,c33jm806py6adse5wv9wx6ch1,1,45.1,93.8,2023-01-21T10:29:29.875Z,2023-01-21T17:07:42Z,3986774665,213,2.7,3986774661,141,95.6,3988204945,156,,3986774659,140,42.9,3986774663,212,2.6,3986774657,56,Back,,,,,,,5he6zl0hg2jxsb2m624xlum6t,F. Berenguer-Bohrer,,,,,,,,,,,,,,,,,,,,,,,,,,,,,,,,,,
2499053771,934,1,2,83,43,c33jm806py6adse5wv9wx6ch1,1,41,96,2023-01-21T10:29:33.044Z,2023-01-21T10:29:38Z,3986774689,212,48.9,3986774693,1,,3986774679,155,,3986774683,56,Back,3986774687,141,25.8,3986774685,140,31.0,3986774681,196,,3986774691,213,4.5,8wbljx8706rh6uyhf8eegl1w5,S. Jamieson,,,,,,,,,,,,,,,,,,,,,,,,,,,,,,,,,,
2499053777,935,1,2,83,48,c33jm806py6adse5wv9wx6ch1,1,36.7,19.7,2023-01-21T10:29:38.467Z,2023-01-21T10:29:44Z,3986774733,140,55.2,3986774741,213,5.8,3986774737,212,21.6,3986774735,141,5.9,3986774731,56,Right,,,,,,,,,,cqoz8o1pse9uspkqvq3cmges5,S. Galloway,,,,,,,,,,,,,,,,,,,,,,,,,,,,,,,,,,
2499053779,936,1,2,83,53,c33jm806py6adse5wv9wx6ch1,1,55.2,25.3,2023-01-21T10:29:43.923Z,2023-01-21T10:29:45Z,3986774749,140,54.7,3986774747,56,Center,3986774753,212,3.8,3986774751,141,30.9,3986774755,213,1.7,,,,,,,,,,af7c4t8wp0341io4x0dl02ac5,A. Nabbout,,,,,,,,,,,,,,,,,,,,,,,,,,,,,,,,,,
2499053783,937,1,2,83,54,c33jm806py6adse5wv9wx6ch1,1,54.7,30.9,2023-01-21T10:29:44.947Z,2023-01-21T10:29:48Z,3986774773,212,13.6,3986774769,140,60.0,3986774775,213,5.1,3986774771,141,12.6,3986774767,56,Right,,,,,,,,,,bcytv86dp6kqrsosu6gck9q7d,A. O'Neill,,,,,,,,,,,,,,,,,,,,,,,,,,,,,,,,,,
2499053785,938,1,2,83,57,c33jm806py6adse5wv9wx6ch1,1,57.8,24,2023-01-21T10:29:47.942Z,2023-01-21T10:29:52Z,3986774811,140,59.0,3986774815,212,38.0,3986774807,155,,3986774819,1,,3986774817,213,1.5,3986774809,56,Left,3986774813,141,79.9,,,,7q8urr40blud747zzb3io8w5x,R. van der Venne,,,,,,,,,,,,,,,,,,,,,,,,,,,,,,,,,,
2499053787,939,1,2,84,2,c33jm806py6adse5wv9wx6ch1,1,65.2,75,2023-01-21T10:29:52.243Z,2023-01-21T10:29:54Z,3986774833,213,5.7,3986774827,140,76.4,3986774829,141,62.4,3986774831,212,14.6,3986774825,56,Center,,,,,,,,,,8wbljx8706rh6uyhf8eegl1w5,S. Jamieson,,,,,,,,,,,,,,,,,,,,,,,,,,,,,,,,,,
2499053789,940,1,2,84,4,c33jm806py6adse5wv9wx6ch1,1,76.5,62.9,2023-01-21T10:29:54.643Z,2023-01-21T10:30:00Z,3986774849,213,5.2,3986774839,168,,3986774843,140,79.9,3986774847,212,7.6,3986774845,141,53.0,3986774841,56,Center,,,,,,,7cdvlgpi8g3e8ttspzvr1k251,M. Leckie,,,,,,,,,,,,,,,,,,,,,,,,,,,,,,,,,,
2499053791,941,1,2,84,5,c33jm806py6adse5wv9wx6ch1,1,80.9,49.9,2023-01-21T10:29:55.779Z,2023-01-21T17:08:13Z,3986774861,141,49.3,3986774991,210,13,3986774865,213,3.2,3986774859,140,75.9,3986774869,156,,3986774857,56,Center,3986774863,212,5.3,3986774993,154,,31v9w4cyk1fxlig452kuc65ed,J. Maclaren,1,,,,,,,,,,,,,,,,,,,,,,,,,,,,,,,,,
2499053795,942,13,2,84,6,c33jm806py6adse5wv9wx6ch1,1,77.9,45,2023-01-21T10:29:56.235Z,2023-01-21T17:08:13Z,3986775009,215,,3986774877,22,,3986774955,72,,3986774999,154,,3986774881,56,Center,3986774995,77,,3986775013,230,98.8,3986775007,103,76.4,7q8urr40blud747zzb3io8w5x,R. van der Venne,,3986774879,18,,3986775001,55,3986775005,102,59.0,3986775011,328,,3986774997,29,3986775015,231,50.4,,,,,,941,,,,,,,,,,,
2499053793,654,5,2,84,6,v046no35g7ebk8lytdjmfb43,1,-0.8,46.4,2023-01-21T10:29:56.693Z,2023-01-21T10:29:58Z,3986774893,233,943,3986774871,56,Back,3986774873,346,,,,,,,,,,,,,,,,,cl816ciqmvh4bjzm9vjq4wyga,Rahmat Akbari,,,,,,,,,,,,,,,,,,,,,,,,,,,,,,,,,,
2499053797,943,5,2,84,6,c33jm806py6adse5wv9wx6ch1,0,100.8,53.6,2023-01-21T10:29:56.693Z,2023-01-21T10:45:19Z,3986774889,56,Center,3986774899,233,654,3986774891,346,,,,,,,,,,,,,,,,,7q8urr40blud747zzb3io8w5x,R. van der Venne,,,,,,,,,,,,,,,,,,,,,,,,,,,,,,,,,,
2499053821,655,1,2,84,35,v046no35g7ebk8lytdjmfb43,0,4.2,49.4,2023-01-21T10:30:24.965Z,2023-01-21T17:08:21Z,3986775079,74,,3986775077,1,,3986775073,212,64.8,3986775065,124,,3986775071,141,69.3,3986775067,56,Center,3988206481,189,,3986775075,213,0.2,cb0y1hi0ozn1rx00vx6a1xr6x,J. Holmes,,3986775069,140,64.6,,,,,,,,,,,,,,,,,,,,,,,,,,,,,,
2499053827,944,49,2,84,38,c33jm806py6adse5wv9wx6ch1,1,24.4,31.3,2023-01-21T10:30:28.948Z,2023-01-21T17:08:27Z,3988206821,189,,,,,,,,,,,,,,,,,,,,,,,cqoz8o1pse9uspkqvq3cmges5,S. Galloway,,,,,,,,,,,,,,,,,,,,,,,,,,,,,,,,,,
2499053831,945,1,2,84,39,c33jm806py6adse5wv9wx6ch1,1,30.8,36.3,2023-01-21T10:30:29.220Z,2023-01-21T17:08:33Z,3986775115,1,,3988207101,155,,3986775111,212,51.6,3986775107,140,77.7,3986775105,56,Right,3986775113,213,6.0,3986775109,141,13.4,,,,cqoz8o1pse9uspkqvq3cmges5,S. Galloway,,,,,,,,,,,,,,,,,,,,,,,,,,,,,,,,,,
2499053835,946,3,2,84,43,c33jm806py6adse5wv9wx6ch1,0,80.3,10.9,2023-01-21T10:30:33.427Z,2023-01-21T17:23:41Z,3988207415,464,,3986775141,286,,3988250709,233,656,3986775139,56,Right,,,,,,,,,,,,,af7c4t8wp0341io4x0dl02ac5,A. Nabbout,,,,,,,,,,,,,,,,,,,,,,,,,,,,,,,,,,
2499053837,656,7,2,84,43,v046no35g7ebk8lytdjmfb43,1,19.7,89.1,2023-01-21T10:30:33.428Z,2023-01-21T17:08:42Z,3986775151,285,,3986775149,56,Back,3986775147,167,,3986775163,233,946,3988207589,385,,,,,,,,,,,ez47kkcz2wgypddldq97yz2dx,C. Chapman,,,,,,,,,,,,,,,,,,,,,,,,,,,,,,,,,,
2499053841,657,5,2,84,44,v046no35g7ebk8lytdjmfb43,0,20.9,101.3,2023-01-21T10:30:34.003Z,2023-01-21T10:45:19Z,3986775195,233,947,3986775159,347,,3986775157,56,Back,,,,,,,,,,,,,,,,ez47kkcz2wgypddldq97yz2dx,C. Chapman,,,,,,,,,,,,,,,,,,,,,,,,,,,,,,,,,,
2499053847,947,5,2,84,44,c33jm806py6adse5wv9wx6ch1,1,79.1,-1.3,2023-01-21T10:30:34.003Z,2023-01-21T10:30:40Z,3986775187,56,Right,3986775191,233,657,3986775189,347,,,,,,,,,,,,,,,,,af7c4t8wp0341io4x0dl02ac5,A. Nabbout,,,,,,,,,,,,,,,,,,,,,,,,,,,,,,,,,,
2499053851,948,1,2,84,50,c33jm806py6adse5wv9wx6ch1,1,79.3,0,2023-01-21T10:30:40.339Z,2023-01-21T17:08:47Z,3988207813,189,,3986775223,212,11.6,3986775215,107,,3986775219,140,78.8,3986775217,56,Right,3986775221,141,16.1,3986775225,213,1.6,,,,bcytv86dp6kqrsosu6gck9q7d,A. O'Neill,,,,,,,,,,,,,,,,,,,,,,,,,,,,,,,,,,
2499053853,949,1,2,84,51,c33jm806py6adse5wv9wx6ch1,1,78.8,16.1,2023-01-21T10:30:41.443Z,2023-01-21T10:30:43Z,3986775237,141,5.2,3986775233,56,Right,3986775239,212,7.5,3986775241,213,4.6,3986775235,140,77.9,,,,,,,,,,af7c4t8wp0341io4x0dl02ac5,A. Nabbout,,,,,,,,,,,,,,,,,,,,,,,,,,,,,,,,,,
2499053857,950,1,2,84,53,c33jm806py6adse5wv9wx6ch1,1,74.5,16.4,2023-01-21T10:30:43.106Z,2023-01-21T10:30:44Z,3986775253,56,Center,3986775257,141,29.5,3986775255,140,66.5,3986775259,212,12.2,3986775261,213,2.3,,,,,,,,,,bcytv86dp6kqrsosu6gck9q7d,A. O'Neill,,,,,,,,,,,,,,,,,,,,,,,,,,,,,,,,,,
2499053863,951,1,2,84,53,c33jm806py6adse5wv9wx6ch1,1,66.5,29.5,2023-01-21T10:30:43.923Z,2023-01-21T17:08:57Z,3986775291,212,21.1,3986775287,140,79.9,3986775285,56,Right,3986775289,141,6.4,3986775293,213,5.4,,,,,,,,,,7q8urr40blud747zzb3io8w5x,R. van der Venne,,,,,,,,,,,,,,,,,,,,,,,,,,,,,,,,,,
2499053869,952,1,2,84,57,c33jm806py6adse5wv9wx6ch1,0,81.5,6.4,2023-01-21T10:30:47.090Z,2023-01-21T17:09:02Z,3986775315,140,90.6,3986775311,155,,3988208543,224,,3988208545,20,,3986775319,212,26.9,3986775313,56,Center,3986775317,141,43.4,3986775309,2,,cqoz8o1pse9uspkqvq3cmges5,S. Galloway,,3986775321,213,1.2,,,,,,,,,,,,,,,,,,,,,,,,,,,,,,
2499328071,767,44,2,84,59,v046no35g7ebk8lytdjmfb43,1,9.8,53.9,2023-01-21T10:30:49.708Z,2023-01-21T17:23:43Z,3988210637,56,Back,3988210639,285,,3988250819,233,1061,,,,,,,,,,,,,,,,3zl5ec82f8zebkxkfdz16e3th,T. Aldred,,,,,,,,,,,,,,,,,,,,,,,,,,,,,,,,,,
2499328005,1061,44,2,84,59,c33jm806py6adse5wv9wx6ch1,0,90.2,46.1,2023-01-21T10:30:49.709Z,2023-01-21T17:23:43Z,3988210371,56,Center,3988210373,286,,3988250845,233,767,,,,,,,,,,,,,,,,31v9w4cyk1fxlig452kuc65ed,J. Maclaren,,,,,,,,,,,,,,,,,,,,,,,,,,,,,,,,,,
2499053873,658,12,2,85,0,v046no35g7ebk8lytdjmfb43,1,9.5,56.9,2023-01-21T10:30:50.067Z,2023-01-21T17:09:47Z,3986775335,56,Back,3986775345,15,,3986775341,212,18.7,3986775343,213,1.3,3986775339,141,83.3,3986775337,140,14.6,,,,,,,3zl5ec82f8zebkxkfdz16e3th,T. Aldred,,,,,,,,,,,,,,,,,,,,,,,,,,,,,,,,,,
2499055441,748,12,2,85,1,v046no35g7ebk8lytdjmfb43,1,16.1,79.3,2023-01-21T10:30:50.961Z,2023-01-21T17:10:02Z,3986784047,56,Back,3988211307,212,1.7,3988211303,140,16.2,3988211309,213,1.5,3988211305,141,81.8,,,,,,,,,,dhnssdf1iuorniavvla5zbwx6,K. Trewin,,,,,,,,,,,,,,,,,,,,,,,,,,,,,,,,,,
2499053881,953,1,2,85,2,c33jm806py6adse5wv9wx6ch1,0,89.4,16.2,2023-01-21T10:30:52.243Z,2023-01-21T10:30:57Z,3986775369,212,11.5,3986775365,140,78.5,3986775367,141,14.6,3986775371,213,3.2,3986775363,56,Right,,,,,,,,,,af7c4t8wp0341io4x0dl02ac5,A. Nabbout,,,,,,,,,,,,,,,,,,,,,,,,,,,,,,,,,,
2499053879,659,49,2,85,3,v046no35g7ebk8lytdjmfb43,1,24.7,85.9,2023-01-21T10:30:53.555Z,2023-01-21T10:30:53Z,,,,,,,,,,,,,,,,,,,,,,,,,5h2xmb0gkhtlaeo6p5e3ejo4,A. Majok,,,,,,,,,,,,,,,,,,,,,,,,,,,,,,,,,,
2499053887,660,3,2,85,9,v046no35g7ebk8lytdjmfb43,0,58.8,92.2,2023-01-21T10:30:59.012Z,2023-01-21T17:10:14Z,3986775405,56,Left,3988212093,465,,3986775407,286,,3986775449,233,954,,,,,,,,,,,,,5h2xmb0gkhtlaeo6p5e3ejo4,A. Majok,,,,,,,,,,,,,,,,,,,,,,,,,,,,,,,,,,
2499053889,954,7,2,85,9,c33jm806py6adse5wv9wx6ch1,1,41.2,7.8,2023-01-21T10:30:59.013Z,2023-01-21T17:10:17Z,3986775411,167,,3986775437,233,660,3986775415,285,,3988212301,385,,3986775413,56,Back,,,,,,,,,,bcytv86dp6kqrsosu6gck9q7d,A. O'Neill,,,,,,,,,,,,,,,,,,,,,,,,,,,,,,,,,,
2499053893,661,5,2,85,10,v046no35g7ebk8lytdjmfb43,1,61,101.5,2023-01-21T10:30:59.987Z,2023-01-21T10:45:19Z,3986775429,56,Left,3986775431,347,,3986775433,233,955,,,,,,,,,,,,,,,,5h2xmb0gkhtlaeo6p5e3ejo4,A. Majok,,,,,,,,,,,,,,,,,,,,,,,,,,,,,,,,,,
2499053891,955,5,2,85,10,c33jm806py6adse5wv9wx6ch1,0,39,-1.5,2023-01-21T10:30:59.987Z,2023-01-21T10:31:03Z,3986775441,233,661,3986775423,347,,3986775421,56,Back,,,,,,,,,,,,,,,,bcytv86dp6kqrsosu6gck9q7d,A. O'Neill,,,,,,,,,,,,,,,,,,,,,,,,,,,,,,,,,,
2499053933,662,1,2,85,35,v046no35g7ebk8lytdjmfb43,1,71.9,100,2023-01-21T10:31:25.523Z,2023-01-21T10:31:28Z,3986775611,213,4.8,3986775601,107,,3986775605,140,72.5,3986775607,141,89.4,3986775603,56,Left,3986775609,212,7.8,,,,,,,bhl2kwvi52osrdsdnbtw45lyi,J. Courtney-Perkins,,,,,,,,,,,,,,,,,,,,,,,,,,,,,,,,,,
2499053937,663,61,2,85,36,v046no35g7ebk8lytdjmfb43,1,71.2,91.8,2023-01-21T10:31:26.163Z,2023-01-21T10:43:49Z,3986775619,56,Left,,,,,,,,,,,,,,,,,,,,,,dhnssdf1iuorniavvla5zbwx6,K. Trewin,,,,,,,,,,,,,,,,,,,,,,,,,,,,,,,,,,
2499055413,747,1,2,85,37,v046no35g7ebk8lytdjmfb43,0,64.7,93.8,2023-01-21T10:31:26.961Z,2023-01-21T10:43:47Z,3986783813,141,92.1,3986783809,56,Left,3986783821,236,,3986783817,213,5.7,3986783823,233,956,3986783815,212,2.0,3986783827,286,,3986783811,140,66.3,bhl2kwvi52osrdsdnbtw45lyi,J. Courtney-Perkins,,,,,,,,,,,,,,,,,,,,,,,,,,,,,,,,,,
2499053935,956,74,2,85,37,c33jm806py6adse5wv9wx6ch1,1,23.8,6.7,2023-01-21T10:31:26.962Z,2023-01-21T10:45:43Z,3986775617,285,,3986775615,56,Back,3986775687,233,747,,,,,,,,,,,,,,,,af7c4t8wp0341io4x0dl02ac5,A. Nabbout,,,,,,,,,,,,,,,,,,,,,,,,,,,,,,,,,,
2499053939,664,61,2,85,37,v046no35g7ebk8lytdjmfb43,1,75.5,96.8,2023-01-21T10:31:27.044Z,2023-01-21T17:10:37Z,3986775631,56,Left,,,,,,,,,,,,,,,,,,,,,,bhl2kwvi52osrdsdnbtw45lyi,J. Courtney-Perkins,,,,,,,,,,,,,,,,,,,,,,,,,,,,,,,,,,
2499053943,665,5,2,85,40,v046no35g7ebk8lytdjmfb43,0,76.2,102,2023-01-21T10:31:30.051Z,2023-01-21T10:31:38Z,3986775645,56,Left,3986775721,233,957,3986775647,347,,,,,,,,,,,,,,,,,bhl2kwvi52osrdsdnbtw45lyi,J. Courtney-Perkins,,,,,,,,,,,,,,,,,,,,,,,,,,,,,,,,,,
2499053955,957,5,2,85,40,c33jm806py6adse5wv9wx6ch1,1,23.8,-2,2023-01-21T10:31:30.051Z,2023-01-21T17:10:36Z,3986775711,347,,3986775715,233,665,3986775709,56,Back,,,,,,,,,,,,,,,,af7c4t8wp0341io4x0dl02ac5,A. Nabbout,,,,,,,,,,,,,,,,,,,,,,,,,,,,,,,,,,
2499053965,958,1,2,85,51,c33jm806py6adse5wv9wx6ch1,1,21.9,0,2023-01-21T10:31:41.186Z,2023-01-21T10:31:42Z,3986775763,107,,3986775771,212,7.6,3986775767,140,27.2,3986775773,213,0.8,3986775765,56,Back,3986775769,141,7.0,,,,,,,cqoz8o1pse9uspkqvq3cmges5,S. Galloway,,,,,,,,,,,,,,,,,,,,,,,,,,,,,,,,,,
2499053971,959,1,2,85,52,c33jm806py6adse5wv9wx6ch1,1,27.2,7,2023-01-21T10:31:42.019Z,2023-01-21T17:10:52Z,3986775807,141,6.1,3986775803,56,Back,3986775809,212,2.7,3988214033,156,,3986775811,213,3.4,3986775805,140,24.7,,,,,,,7q8urr40blud747zzb3io8w5x,R. van der Venne,,,,,,,,,,,,,,,,,,,,,,,,,,,,,,,,,,
2499053977,960,1,2,85,53,c33jm806py6adse5wv9wx6ch1,0,24.7,6.1,2023-01-21T10:31:43.042Z,2023-01-21T10:31:45Z,3986775829,56,Right,3986775835,212,30.4,3986775831,140,53.6,3986775827,155,,3986775833,141,8.3,3986775837,213,0.0,,,,,,,cqoz8o1pse9uspkqvq3cmges5,S. Galloway,,,,,,,,,,,,,,,,,,,,,,,,,,,,,,,,,,
2499053987,666,1,2,85,55,v046no35g7ebk8lytdjmfb43,1,44.7,90.6,2023-01-21T10:31:45.523Z,2023-01-21T10:31:49Z,3986775879,212,12.0,3986775873,56,Left,3986775877,141,82.7,3986775875,140,54.9,3986775881,213,5.8,3986775871,3,,,,,,,,ez47kkcz2wgypddldq97yz2dx,C. Chapman,,,,,,,,,,,,,,,,,,,,,,,,,,,,,,,,,,
2499053991,667,44,2,85,56,v046no35g7ebk8lytdjmfb43,1,56.5,84.4,2023-01-21T10:31:46.521Z,2023-01-21T10:32:52Z,3986775901,233,961,3986775897,56,Left,3986775899,286,,,,,,,,,,,,,,,,,bhl2kwvi52osrdsdnbtw45lyi,J. Courtney-Perkins,,,,,,,,,,,,,,,,,,,,,,,,,,,,,,,,,,
2499053983,961,44,2,85,56,c33jm806py6adse5wv9wx6ch1,0,43.5,15.6,2023-01-21T10:31:46.522Z,2023-01-21T17:23:58Z,3986775907,233,667,3986775861,285,,3986775859,56,Back,,,,,,,,,,,,,,,,af7c4t8wp0341io4x0dl02ac5,A. Nabbout,,,,,,,,,,,,,,,,,,,,,,,,,,,,,,,,,,
2499053993,668,1,2,85,57,v046no35g7ebk8lytdjmfb43,0,54.2,82.6,2023-01-21T10:31:47.019Z,2023-01-21T17:23:59Z,3986775919,141,70.6,3986775913,3,,3986775917,140,53.8,3986775921,212,8.2,3986775915,56,Center,3986775923,213,4.7,,,,,,,bhl2kwvi52osrdsdnbtw45lyi,J. Courtney-Perkins,,,,,,,,,,,,,,,,,,,,,,,,,,,,,,,,,,
2499053989,962,1,2,85,59,c33jm806py6adse5wv9wx6ch1,0,41.7,31.6,2023-01-21T10:31:49.715Z,2023-01-21T10:32:53Z,3986775893,213,0.4,3986775889,141,33.3,3986775943,236,,3986775949,286,,3986775887,140,44.7,3986775885,56,Back,3986775891,212,3.4,3986775945,233,669,5he6zl0hg2jxsb2m624xlum6t,F. Berenguer-Bohrer,,,,,,,,,,,,,,,,,,,,,,,,,,,,,,,,,,
2499053997,669,74,2,85,59,v046no35g7ebk8lytdjmfb43,1,54.2,72.4,2023-01-21T10:31:49.716Z,2023-01-21T10:31:54Z,3986775941,285,,3986775939,56,Center,3986775957,233,962,,,,,,,,,,,,,,,,abfwfqsv8o9xsnkor896869cl,J. O'Shea,,,,,,,,,,,,,,,,,,,,,,,,,,,,,,,,,,
2499053999,670,49,2,86,2,v046no35g7ebk8lytdjmfb43,1,57.1,77,2023-01-21T10:31:52.325Z,2023-01-21T10:32:16Z,,,,,,,,,,,,,,,,,,,,,,,,,dhnssdf1iuorniavvla5zbwx6,K. Trewin,,,,,,,,,,,,,,,,,,,,,,,,,,,,,,,,,,
2499054005,671,1,2,86,3,v046no35g7ebk8lytdjmfb43,1,57.1,77,2023-01-21T10:31:53.515Z,2023-01-21T10:32:44Z,3986775981,212,12.0,3986775979,141,72.9,3986775975,56,Center,3986775977,140,68.2,3986775983,213,6.0,,,,,,,,,,dhnssdf1iuorniavvla5zbwx6,K. Trewin,,,,,,,,,,,,,,,,,,,,,,,,,,,,,,,,,,
2499054013,672,50,2,86,4,v046no35g7ebk8lytdjmfb43,1,70,73.4,2023-01-21T10:31:54.443Z,2023-01-21T10:33:08Z,3986776703,286,,3986776721,233,963,3986775993,56,Center,,,,,,,,,,,,,,,,1hcnrw2udxcdff6bre73sv1pm,H. Hore,,,,,,,,,,,,,,,,,,,,,,,,,,,,,,,,,,
2499054003,963,7,2,86,4,c33jm806py6adse5wv9wx6ch1,1,30,26.6,2023-01-21T10:31:54.444Z,2023-01-21T17:11:09Z,3988214761,384,,3986775973,285,,3986776713,233,672,3986775971,56,Back,,,,,,,,,,,,,bcytv86dp6kqrsosu6gck9q7d,A. O'Neill,,,,,,,,,,,,,,,,,,,,,,,,,,,,,,,,,,
2499054009,964,49,2,86,5,c33jm806py6adse5wv9wx6ch1,1,17.6,30.4,2023-01-21T10:31:55.412Z,2023-01-21T10:32:12Z,,,,,,,,,,,,,,,,,,,,,,,,,bdo2grdx1mgm63gii3zar50id,T. Lam,,,,,,,,,,,,,,,,,,,,,,,,,,,,,,,,,,
2499054019,965,1,2,86,5,c33jm806py6adse5wv9wx6ch1,1,17.6,30.4,2023-01-21T10:31:55.538Z,2023-01-21T10:31:56Z,3986776005,56,Back,3986776013,213,2.6,3986776009,141,45.4,3986776007,140,3.1,3986776011,212,18.3,,,,,,,,,,bdo2grdx1mgm63gii3zar50id,T. Lam,,,,,,,,,,,,,,,,,,,,,,,,,,,,,,,,,,
2499054025,966,1,2,86,6,c33jm806py6adse5wv9wx6ch1,1,3.1,45.4,2023-01-21T10:31:56.802Z,2023-01-21T10:32:00Z,3986776035,141,2.8,3986776031,56,Back,3986776041,1,,3986776029,157,,3986776039,213,5.4,3986776033,140,23.8,3986776037,212,36.2,,,,77gcx1qotysu9hbi2hw2gjsvd,T. Glover,,,,,,,,,,,,,,,,,,,,,,,,,,,,,,,,,,
2499054031,967,1,2,86,9,c33jm806py6adse5wv9wx6ch1,1,23.8,2.8,2023-01-21T10:31:59.955Z,2023-01-21T10:32:02Z,3986776075,212,13.1,3986776071,140,35.9,3986776067,3,,3986776073,141,7.6,3986776077,213,0.3,3986776069,56,Back,,,,,,,cqoz8o1pse9uspkqvq3cmges5,S. Galloway,,,,,,,,,,,,,,,,,,,,,,,,,,,,,,,,,,
2499054033,968,44,2,86,12,c33jm806py6adse5wv9wx6ch1,1,38.9,11.6,2023-01-21T10:32:02.130Z,2023-01-21T10:32:03Z,3986776083,285,,3986776107,233,673,3986776081,56,Back,,,,,,,,,,,,,,,,af7c4t8wp0341io4x0dl02ac5,A. Nabbout,,,,,,,,,,,,,,,,,,,,,,,,,,,,,,,,,,
2499054035,673,44,2,86,12,v046no35g7ebk8lytdjmfb43,0,61.1,88.4,2023-01-21T10:32:02.131Z,2023-01-21T10:41:59Z,3986776111,233,968,3986776087,286,,3986776085,56,Left,,,,,,,,,,,,,,,,dhnssdf1iuorniavvla5zbwx6,K. Trewin,,,,,,,,,,,,,,,,,,,,,,,,,,,,,,,,,,
2499054037,969,1,2,86,12,c33jm806py6adse5wv9wx6ch1,0,35.9,7.6,2023-01-21T10:32:02.418Z,2023-01-21T10:32:04Z,3986776097,140,40.7,3986776093,3,,3986776101,212,9.1,3986776103,213,1.0,3986776099,141,18.8,3986776095,56,Back,,,,,,,af7c4t8wp0341io4x0dl02ac5,A. Nabbout,,,,,,,,,,,,,,,,,,,,,,,,,,,,,,,,,,
2499054051,674,1,2,86,13,v046no35g7ebk8lytdjmfb43,1,57.1,69.7,2023-01-21T10:32:03.635Z,2023-01-21T10:32:06Z,3986776165,56,Back,3986776173,213,2.2,3986776169,141,93.0,3986776163,3,,3986776171,212,19.7,3986776167,140,45.9,,,,,,,abfwfqsv8o9xsnkor896869cl,J. O'Shea,,,,,,,,,,,,,,,,,,,,,,,,,,,,,,,,,,
2499054055,675,49,2,86,16,v046no35g7ebk8lytdjmfb43,1,45.9,93.3,2023-01-21T10:32:06.530Z,2023-01-21T10:32:06Z,,,,,,,,,,,,,,,,,,,,,,,,,ez47kkcz2wgypddldq97yz2dx,C. Chapman,,,,,,,,,,,,,,,,,,,,,,,,,,,,,,,,,,
2499054059,676,1,2,86,17,v046no35g7ebk8lytdjmfb43,0,46,93,2023-01-21T10:32:07.509Z,2023-01-21T10:32:09Z,3986776211,213,5.9,3986776205,140,70.7,3986776201,155,,3986776203,56,Center,3986776207,141,78.1,3986776209,212,27.8,,,,,,,ez47kkcz2wgypddldq97yz2dx,C. Chapman,,,,,,,,,,,,,,,,,,,,,,,,,,,,,,,,,,
2499054063,970,1,2,86,20,c33jm806py6adse5wv9wx6ch1,0,25.5,23.1,2023-01-21T10:32:10.242Z,2023-01-21T10:32:11Z,3986776229,3,,3986776235,141,48.2,3986776231,56,Back,3986776239,213,1.5,3986776233,140,27.4,3986776237,212,17.2,,,,,,,bdo2grdx1mgm63gii3zar50id,T. Lam,,,,,,,,,,,,,,,,,,,,,,,,,,,,,,,,,,
2499054071,677,1,2,86,25,v046no35g7ebk8lytdjmfb43,1,76.9,31.3,2023-01-21T10:32:15.011Z,2023-01-21T10:32:17Z,3986776271,140,88.3,3986776275,212,18.1,3986776277,213,5.4,3986776269,56,Right,3986776273,141,11.4,,,,,,,,,,cl816ciqmvh4bjzm9vjq4wyga,Rahmat Akbari,,,,,,,,,,,,,,,,,,,,,,,,,,,,,,,,,,
2499054077,678,1,2,86,27,v046no35g7ebk8lytdjmfb43,1,88.2,13.2,2023-01-21T10:32:17.251Z,2023-01-21T10:32:20Z,3986776305,141,13.2,3986776301,56,Right,3986776303,140,75.2,3986776307,212,13.7,3986776309,213,3.1,,,,,,,,,,c0p9hlssgk28sutlee99c24t1,J. Brindell-South,,,,,,,,,,,,,,,,,,,,,,,,,,,,,,,,,,
2499054081,679,1,2,86,30,v046no35g7ebk8lytdjmfb43,1,75,12.6,2023-01-21T10:32:20.179Z,2023-01-21T10:42:46Z,3986776325,213,6.0,3986776321,141,6.2,3986776317,56,Right,3986776319,140,88.5,3986776323,212,14.8,,,,,,,,,,7mgwfxva7w88k90jhjd1wx3o5,S. Neville,,,,,,,,,,,,,,,,,,,,,,,,,,,,,,,,,,
2499054087,680,1,2,86,32,v046no35g7ebk8lytdjmfb43,1,88,7.6,2023-01-21T10:32:22.243Z,2023-01-21T10:32:28Z,3986776373,141,13.2,3986776377,213,1.6,3986776369,56,Right,3986776375,212,3.8,3986776371,140,87.8,,,,,,,,,,c0p9hlssgk28sutlee99c24t1,J. Brindell-South,,,,,,,,,,,,,,,,,,,,,,,,,,,,,,,,,,
2499054089,681,1,2,86,38,v046no35g7ebk8lytdjmfb43,1,87,6.5,2023-01-21T10:32:28.451Z,2023-01-21T10:32:30Z,3986776385,56,Right,3986776393,213,3.2,3986776389,141,6.2,3986776391,212,8.5,3986776387,140,78.9,,,,,,,,,,abfwfqsv8o9xsnkor896869cl,J. O'Shea,,,,,,,,,,,,,,,,,,,,,,,,,,,,,,,,,,
2499054097,682,1,2,86,40,v046no35g7ebk8lytdjmfb43,1,78.4,8.3,2023-01-21T10:32:30.450Z,2023-01-21T10:32:35Z,3986776429,141,23.6,3986776427,140,71.0,3986776433,213,2.2,3986776431,212,13.0,3986776425,56,Center,,,,,,,,,,c0p9hlssgk28sutlee99c24t1,J. Brindell-South,,,,,,,,,,,,,,,,,,,,,,,,,,,,,,,,,,
2499054101,683,1,2,86,45,v046no35g7ebk8lytdjmfb43,0,73.4,23.9,2023-01-21T10:32:35.747Z,2023-01-21T17:11:45Z,3986776453,141,70.3,3988216497,20,,3986776447,155,,3986776457,213,1.0,3986776459,1,,3986776449,56,Center,3986776455,212,36.8,3986776445,2,,dhnssdf1iuorniavvla5zbwx6,K. Trewin,,3988216495,224,,3986776451,140,,,,,,,,,,,,,,,,,91.4,,,,,,,,,,,
2499054099,971,44,2,86,47,c33jm806py6adse5wv9wx6ch1,1,8.1,30.4,2023-01-21T10:32:37.699Z,2023-01-21T10:32:39Z,3986776441,56,Back,3986776493,233,684,3986776443,285,,,,,,,,,,,,,,,,,cqoz8o1pse9uspkqvq3cmges5,S. Galloway,,,,,,,,,,,,,,,,,,,,,,,,,,,,,,,,,,
2499054105,684,44,2,86,47,v046no35g7ebk8lytdjmfb43,0,91.9,69.6,2023-01-21T10:32:37.700Z,2023-01-21T10:32:39Z,3986776497,233,971,3986776475,286,,3986776473,56,Center,,,,,,,,,,,,,,,,bhl2kwvi52osrdsdnbtw45lyi,J. Courtney-Perkins,,,,,,,,,,,,,,,,,,,,,,,,,,,,,,,,,,
2499054103,972,12,2,86,47,c33jm806py6adse5wv9wx6ch1,1,7.6,31,2023-01-21T10:32:37.811Z,2023-01-21T10:32:39Z,3986776491,167,,3986776469,212,15.7,3986776463,56,Back,3986776467,141,13.1,3986776471,213,4.0,3986776501,15,,3986776465,140,0.0,,,,cqoz8o1pse9uspkqvq3cmges5,S. Galloway,,,,,,,,,,,,,,,,,,,,,,,,,,,,,,,,,,
2499054111,685,6,2,86,48,v046no35g7ebk8lytdjmfb43,1,96.6,78.6,2023-01-21T10:32:38.218Z,2023-01-21T10:43:13Z,3986776507,56,Center,3986776511,233,973,3986776509,73,,,,,,,,,,,,,,,,,dhnssdf1iuorniavvla5zbwx6,K. Trewin,,,,,,,,,,,,,,,,,,,,,,,,,,,,,,,,,,
2499054107,973,6,2,86,48,c33jm806py6adse5wv9wx6ch1,0,3.4,21.4,2023-01-21T10:32:38.218Z,2023-01-21T17:11:59Z,3986776481,56,Back,3986776517,233,685,3986776483,73,,,,,,,,,,,,,,,,,cqoz8o1pse9uspkqvq3cmges5,S. Galloway,,,,,,,,,,,,,,,,,,,,,,,,,,,,,,,,,,
2499054175,686,1,2,87,35,v046no35g7ebk8lytdjmfb43,0,99.5,99.5,2023-01-21T10:33:25.764Z,2023-01-21T17:12:01Z,3986776895,141,50.6,3986776891,56,Center,3986776893,140,97.0,3986776889,223,,3986776901,1,,3986776897,212,33.4,3986776885,6,,3986777015,233,975,abfwfqsv8o9xsnkor896869cl,J. O'Shea,,3988217227,20,,3986776887,155,3986776899,213,4.6,3986776883,2,,,,,,,,,,,,,,,,,,,,,,,
2499054181,974,44,2,87,36,c33jm806py6adse5wv9wx6ch1,1,2.8,49,2023-01-21T10:33:26.233Z,2023-01-21T17:12:32Z,3986776929,233,687,3986776917,56,Back,3986776919,285,,,,,,,,,,,,,,,,,77gcx1qotysu9hbi2hw2gjsvd,T. Glover,,,,,,,,,,,,,,,,,,,,,,,,,,,,,,,,,,
2499054177,687,44,2,87,36,v046no35g7ebk8lytdjmfb43,0,97.2,51,2023-01-21T10:33:26.234Z,2023-01-21T17:12:34Z,3986776933,233,974,3986776907,56,Center,3986776909,286,,,,,,,,,,,,,,,,,5h2xmb0gkhtlaeo6p5e3ejo4,A. Majok,,,,,,,,,,,,,,,,,,,,,,,,,,,,,,,,,,
2499054191,975,41,2,87,37,c33jm806py6adse5wv9wx6ch1,1,2.9,48.4,2023-01-21T10:33:27.138Z,2023-01-21T17:12:41Z,3986776987,141,56.7,3986776989,212,7.2,3986776991,213,0.9,3986777019,233,686,3988217807,378,,3986776985,140,7.2,,,,,,,77gcx1qotysu9hbi2hw2gjsvd,T. Glover,,,,,,,,,,,,,,,,,,,,,,,,,,,,,,,,,,
2499054299,983,12,2,87,38,c33jm806py6adse5wv9wx6ch1,1,5.2,66.3,2023-01-21T10:33:28.777Z,2023-01-21T17:12:42Z,3986777795,212,3.1,3986777791,140,6.9,3986777789,56,Back,3986777793,141,62.6,3986777797,213,5.3,,,,,,,,,,cqoz8o1pse9uspkqvq3cmges5,S. Galloway,,,,,,,,,,,,,,,,,,,,,,,,,,,,,,,,,,
2499054193,688,1,2,87,39,v046no35g7ebk8lytdjmfb43,0,83,46.7,2023-01-21T10:33:29.659Z,2023-01-21T17:12:47Z,3986777001,141,55.7,3986776997,56,Center,3986777005,213,0.6,3986776999,140,91.5,3986777003,212,10.8,,,,,,,,,,3zl5ec82f8zebkxkfdz16e3th,T. Aldred,,,,,,,,,,,,,,,,,,,,,,,,,,,,,,,,,,
2499054217,976,12,2,87,40,c33jm806py6adse5wv9wx6ch1,1,9.1,37.4,2023-01-21T10:33:30.026Z,2023-01-21T17:12:49Z,3986777163,56,Back,3986777167,141,47.2,3986777171,213,1.5,3986777165,140,9.3,3986777169,212,6.7,,,,,,,,,,8wbljx8706rh6uyhf8eegl1w5,S. Jamieson,,,,,,,,,,,,,,,,,,,,,,,,,,,,,,,,,,
2499054211,689,1,2,87,45,v046no35g7ebk8lytdjmfb43,0,85.7,46.9,2023-01-21T10:33:35.378Z,2023-01-21T17:23:44Z,3986777123,140,89.5,3986777127,212,4.4,3986777129,213,5.9,3988222089,236,,3988250877,233,1062,3988222091,286,,3986777125,141,44.2,3986777121,56,Center,1hcnrw2udxcdff6bre73sv1pm,H. Hore,,,,,,,,,,,,,,,,,,,,,,,,,,,,,,,,,,
2499330231,1062,74,2,87,45,c33jm806py6adse5wv9wx6ch1,1,13.1,62.2,2023-01-21T10:33:35.379Z,2023-01-21T17:23:44Z,3988221935,285,,3988250911,233,689,3988221933,56,Back,,,,,,,,,,,,,,,,5he6zl0hg2jxsb2m624xlum6t,F. Berenguer-Bohrer,,,,,,,,,,,,,,,,,,,,,,,,,,,,,,,,,,
2499054213,690,1,2,87,46,v046no35g7ebk8lytdjmfb43,1,91.7,37.6,2023-01-21T10:33:36.538Z,2023-01-21T17:14:02Z,3986778079,154,,3986777133,56,Center,3986777137,141,37.3,3986778077,210,15,3986777139,212,1.9,3986777141,213,3.2,3986777135,140,89.9,,,,ez47kkcz2wgypddldq97yz2dx,C. Chapman,1,,,,,,,,,,,,,,,,,,,,,,,,,,,,,,,,,
2499054215,691,15,2,87,47,v046no35g7ebk8lytdjmfb43,1,89.3,31.4,2023-01-21T10:33:37.259Z,2023-01-21T17:14:02Z,3986778089,55,690,3986777155,56,Center,3986778087,133,,3986777697,20,,3986778083,29,,3988223021,328,,3986778131,233,977,3986778085,154,,1hcnrw2udxcdff6bre73sv1pm,H. Hore,,3986777695,25,,3986778093,102,3986778097,146,98.6,3986778095,103,5.7,3986778099,147,3988223003,63,,3988223005,80,,,,47.6,46.4,,,,,,,,,,
2499054219,977,10,2,87,47,c33jm806py6adse5wv9wx6ch1,1,0.9,53.8,2023-01-21T10:33:37.359Z,2023-01-21T17:14:17Z,3986778057,179,,3986777199,56,Back,3986778069,233,691,3986777197,182,,3988223745,376,,3986778055,174,,,,,,,,77gcx1qotysu9hbi2hw2gjsvd,T. Glover,,,,,,,,,,,,,,,,,,,,,,,,,,,,,,,,,,
2499054223,978,12,2,87,51,c33jm806py6adse5wv9wx6ch1,1,3.9,53,2023-01-21T10:33:41.170Z,2023-01-21T10:33:43Z,3986777229,213,1.3,3986777227,212,34.2,3986777237,167,,3986777223,140,11.7,3986777221,56,Back,3986777225,141,100.0,,,,,,,dnpala3bol8svyc2awng6iv9x,C. Good,,,,,,,,,,,,,,,,,,,,,,,,,,,,,,,,,,
2499054255,692,5,2,87,53,v046no35g7ebk8lytdjmfb43,1,88.2,-1.8,2023-01-21T10:33:43.140Z,2023-01-21T10:45:20Z,3986777449,347,,3986777447,56,Right,3986777463,233,979,,,,,,,,,,,,,,,,1hcnrw2udxcdff6bre73sv1pm,H. Hore,,,,,,,,,,,,,,,,,,,,,,,,,,,,,,,,,,
2499054225,979,5,2,87,53,c33jm806py6adse5wv9wx6ch1,0,11.8,101.8,2023-01-21T10:33:43.140Z,2023-01-21T10:34:03Z,3986777233,347,,3986777467,233,692,3986777231,56,Back,,,,,,,,,,,,,,,,dnpala3bol8svyc2awng6iv9x,C. Good,,,,,,,,,,,,,,,,,,,,,,,,,,,,,,,,,,
2499054261,693,1,2,88,12,v046no35g7ebk8lytdjmfb43,0,88.2,0,2023-01-21T10:34:02.466Z,2023-01-21T10:34:04Z,3986777487,107,,3986777495,212,22.7,3986777499,1,,3986777491,140,90.6,3986777493,141,31.2,3986777489,56,Center,3986777497,213,1.5,,,,c0p9hlssgk28sutlee99c24t1,J. Brindell-South,,,,,,,,,,,,,,,,,,,,,,,,,,,,,,,,,,
2499054263,980,12,2,88,14,c33jm806py6adse5wv9wx6ch1,1,6.4,72.1,2023-01-21T10:34:04.625Z,2023-01-21T17:14:44Z,3986777505,140,20.2,3986777509,212,14.8,3986777503,56,Back,3986777515,15,,3986777507,141,67.4,3986777511,213,6.1,,,,,,,5he6zl0hg2jxsb2m624xlum6t,F. Berenguer-Bohrer,,,,,,,,,,,,,,,,,,,,,,,,,,,,,,,,,,
2499054265,694,13,2,88,15,v046no35g7ebk8lytdjmfb43,1,79.4,32.8,2023-01-21T10:34:05.826Z,2023-01-21T17:15:31Z,3986777521,18,,3986782739,160,,3986779099,73,,3986779101,102,69.2,3986779111,458,,3986777523,56,Center,3986778845,20,,3986779109,328,,abfwfqsv8o9xsnkor896869cl,J. O'Shea,,3986779119,231,46.4,3986779105,215,3986778849,153,,3986779115,147,52.0,3986779113,146,3986779117,230,98.9,3986779103,103,3986779107,108,,,87.1,4.2,,,,,,,,,
2499054281,981,12,2,88,17,c33jm806py6adse5wv9wx6ch1,1,11.5,42.8,2023-01-21T10:34:07.009Z,2023-01-21T10:34:16Z,3986777655,213,0.3,3986777649,140,45.1,3986777651,141,56.4,3986777653,212,36.5,3986777647,56,Back,,,,,,,,,,af7c4t8wp0341io4x0dl02ac5,A. Nabbout,,,,,,,,,,,,,,,,,,,,,,,,,,,,,,,,,,
2499054277,695,1,2,88,21,v046no35g7ebk8lytdjmfb43,1,54,42.9,2023-01-21T10:34:11.290Z,2023-01-21T17:15:41Z,3986777625,212,16.5,3986777621,140,54.7,3986777617,3,,3986777619,56,Center,3986777623,141,67.2,3986777627,213,1.5,,,,,,,ez47kkcz2wgypddldq97yz2dx,C. Chapman,,,,,,,,,,,,,,,,,,,,,,,,,,,,,,,,,,
2499054285,696,1,2,88,23,v046no35g7ebk8lytdjmfb43,0,54.5,66.7,2023-01-21T10:34:13.764Z,2023-01-21T10:34:17Z,3986777661,155,,3986777665,140,100.0,3986777673,1,,3986777669,212,54.9,3986777671,213,5.8,3986777667,141,31.3,3986777663,56,Center,,,,bhl2kwvi52osrdsdnbtw45lyi,J. Courtney-Perkins,,,,,,,,,,,,,,,,,,,,,,,,,,,,,,,,,,
2499054287,697,5,2,88,26,v046no35g7ebk8lytdjmfb43,0,101.4,32.9,2023-01-21T10:34:16.561Z,2023-01-21T10:45:20Z,3986777675,56,Center,3986777677,346,,3986777687,233,982,,,,,,,,,,,,,,,,bhl2kwvi52osrdsdnbtw45lyi,J. Courtney-Perkins,,,,,,,,,,,,,,,,,,,,,,,,,,,,,,,,,,
2499054283,982,5,2,88,26,c33jm806py6adse5wv9wx6ch1,1,-1.4,67.1,2023-01-21T10:34:16.561Z,2023-01-21T10:34:17Z,3986777657,56,Back,3986777679,233,697,3986777659,346,,,,,,,,,,,,,,,,,7q8urr40blud747zzb3io8w5x,R. van der Venne,,,,,,,,,,,,,,,,,,,,,,,,,,,,,,,,,,
2499054365,984,1,2,88,52,c33jm806py6adse5wv9wx6ch1,1,4.5,48.1,2023-01-21T10:34:42.145Z,2023-01-21T10:34:45Z,3986778169,237,,3986778161,141,81.2,3986778159,140,22.6,3986778155,124,,3986778165,213,0.9,3986778157,56,Back,3986778163,212,29.5,,,,77gcx1qotysu9hbi2hw2gjsvd,T. Glover,,,,,,,,,,,,,,,,,,,,,,,,,,,,,,,,,,
2499054369,985,61,2,88,54,c33jm806py6adse5wv9wx6ch1,0,25.3,80.3,2023-01-21T10:34:44.649Z,2023-01-21T10:37:20Z,3986778189,56,Back,,,,,,,,,,,,,,,,,,,,,,dnpala3bol8svyc2awng6iv9x,C. Good,,,,,,,,,,,,,,,,,,,,,,,,,,,,,,,,,,
2499054563,720,3,2,88,55,v046no35g7ebk8lytdjmfb43,0,67.2,24,2023-01-21T10:34:45.279Z,2023-01-21T17:15:56Z,3986779237,56,Center,3988227879,465,,3986779239,286,,3986779825,233,1023,,,,,,,,,,,,,c0p9hlssgk28sutlee99c24t1,J. Brindell-South,,,,,,,,,,,,,,,,,,,,,,,,,,,,,,,,,,
2499054697,1023,7,2,88,55,c33jm806py6adse5wv9wx6ch1,1,32.8,76,2023-01-21T10:34:45.280Z,2023-01-21T17:15:58Z,3988228047,384,,3986779807,285,,3986779805,56,Back,3986779809,233,720,,,,,,,,,,,,,dnpala3bol8svyc2awng6iv9x,C. Good,,,,,,,,,,,,,,,,,,,,,,,,,,,,,,,,,,
2499054371,986,50,2,88,59,c33jm806py6adse5wv9wx6ch1,1,43.6,97.2,2023-01-21T10:34:49.251Z,2023-01-21T10:34:53Z,3986778201,56,Back,3986778243,233,698,3986778203,286,,,,,,,,,,,,,,,,,7cdvlgpi8g3e8ttspzvr1k251,M. Leckie,,,,,,,,,,,,,,,,,,,,,,,,,,,,,,,,,,
2499054375,698,7,2,88,59,v046no35g7ebk8lytdjmfb43,1,56.4,2.8,2023-01-21T10:34:49.252Z,2023-01-21T17:16:02Z,3986778239,233,986,3986778223,56,Right,3988228251,385,,3986778225,285,,3986778221,167,,,,,,,,,,,abfwfqsv8o9xsnkor896869cl,J. O'Shea,,,,,,,,,,,,,,,,,,,,,,,,,,,,,,,,,,
2499054377,699,5,2,88,59,v046no35g7ebk8lytdjmfb43,0,56.2,-0.9,2023-01-21T10:34:49.794Z,2023-01-21T10:45:20Z,3986778229,347,,3986778227,56,Right,3986778255,233,987,,,,,,,,,,,,,,,,abfwfqsv8o9xsnkor896869cl,J. O'Shea,,,,,,,,,,,,,,,,,,,,,,,,,,,,,,,,,,
2499054379,987,5,2,88,59,c33jm806py6adse5wv9wx6ch1,1,43.8,100.9,2023-01-21T10:34:49.794Z,2023-01-21T10:34:53Z,3986778231,56,Back,3986778249,233,699,3986778233,347,,,,,,,,,,,,,,,,,7cdvlgpi8g3e8ttspzvr1k251,M. Leckie,,,,,,,,,,,,,,,,,,,,,,,,,,,,,,,,,,
2499054389,988,1,2,89,3,c33jm806py6adse5wv9wx6ch1,1,38.7,100,2023-01-21T10:34:53.809Z,2023-01-21T17:16:12Z,3986778291,212,30.9,3986778285,56,Left,3986778287,140,64.5,3986778283,107,,3986778289,141,80.0,3988228703,1,,3986778293,213,5.8,,,,7cdvlgpi8g3e8ttspzvr1k251,M. Leckie,,,,,,,,,,,,,,,,,,,,,,,,,,,,,,,,,,
2499054391,989,61,2,89,7,c33jm806py6adse5wv9wx6ch1,0,57.1,89.3,2023-01-21T10:34:57.161Z,2023-01-21T10:36:58Z,3986778299,56,Left,,,,,,,,,,,,,,,,,,,,,,5he6zl0hg2jxsb2m624xlum6t,F. Berenguer-Bohrer,,,,,,,,,,,,,,,,,,,,,,,,,,,,,,,,,,
2499054387,700,49,2,89,7,v046no35g7ebk8lytdjmfb43,1,40.9,25.9,2023-01-21T10:34:57.860Z,2023-01-21T10:34:57Z,,,,,,,,,,,,,,,,,,,,,,,,,dhnssdf1iuorniavvla5zbwx6,K. Trewin,,,,,,,,,,,,,,,,,,,,,,,,,,,,,,,,,,
2499054403,701,1,2,89,9,v046no35g7ebk8lytdjmfb43,1,39.7,28,2023-01-21T10:34:59.586Z,2023-01-21T10:35:00Z,3986778351,213,5.2,3986778345,140,43.7,3986778349,212,9.2,3986778347,141,15.9,3986778343,56,Back,,,,,,,,,,dhnssdf1iuorniavvla5zbwx6,K. Trewin,,,,,,,,,,,,,,,,,,,,,,,,,,,,,,,,,,
2499054405,702,1,2,89,10,v046no35g7ebk8lytdjmfb43,1,43.8,15.9,2023-01-21T10:35:00.354Z,2023-01-21T10:35:03Z,3986778367,212,11.5,3986778363,140,32.9,3986778369,213,3.2,3986778361,56,Back,3986778365,141,15.0,,,,,,,,,,abfwfqsv8o9xsnkor896869cl,J. O'Shea,,,,,,,,,,,,,,,,,,,,,,,,,,,,,,,,,,
2499054407,703,1,2,89,13,v046no35g7ebk8lytdjmfb43,0,33.3,12.9,2023-01-21T10:35:03.090Z,2023-01-21T10:35:07Z,3986778375,140,33.6,3986778429,236,,3986778381,213,0.4,3986778373,56,Back,3986778377,141,13.1,3986778431,233,990,3986778379,212,0.3,3986778435,286,,7mgwfxva7w88k90jhjd1wx3o5,S. Neville,,,,,,,,,,,,,,,,,,,,,,,,,,,,,,,,,,
2499054417,990,74,2,89,13,c33jm806py6adse5wv9wx6ch1,1,60.5,86.2,2023-01-21T10:35:03.091Z,2023-01-21T10:45:43Z,3986778437,233,703,3986778423,285,,3986778421,56,Left,,,,,,,,,,,,,,,,5he6zl0hg2jxsb2m624xlum6t,F. Berenguer-Bohrer,,,,,,,,,,,,,,,,,,,,,,,,,,,,,,,,,,
2499054437,704,5,2,89,14,v046no35g7ebk8lytdjmfb43,1,36.5,-1.4,2023-01-21T10:35:04.498Z,2023-01-21T10:35:22Z,3986778555,56,Back,3986778561,233,991,3986778557,347,,,,,,,,,,,,,,,,,7mgwfxva7w88k90jhjd1wx3o5,S. Neville,,,,,,,,,,,,,,,,,,,,,,,,,,,,,,,,,,
2499054421,991,5,2,89,14,c33jm806py6adse5wv9wx6ch1,0,63.5,101.4,2023-01-21T10:35:04.498Z,2023-01-21T10:45:20Z,3986778445,56,Left,3986778569,233,704,3986778447,347,,,,,,,,,,,,,,,,,5he6zl0hg2jxsb2m624xlum6t,F. Berenguer-Bohrer,,,,,,,,,,,,,,,,,,,,,,,,,,,,,,,,,,
2499054439,705,1,2,89,32,v046no35g7ebk8lytdjmfb43,1,43.9,0,2023-01-21T10:35:22.210Z,2023-01-21T10:35:24Z,3986778583,141,6.2,3986778587,213,2.7,3986778577,107,,3986778585,212,13.5,3986778581,140,32.1,3986778579,56,Back,,,,,,,c0p9hlssgk28sutlee99c24t1,J. Brindell-South,,,,,,,,,,,,,,,,,,,,,,,,,,,,,,,,,,
2499054445,706,1,2,89,34,v046no35g7ebk8lytdjmfb43,1,31.9,7,2023-01-21T10:35:24.034Z,2023-01-21T10:35:26Z,3986778605,140,37.0,3986778609,212,8.5,3986778603,56,Back,3986778611,213,0.9,3986778607,141,16.8,,,,,,,,,,7mgwfxva7w88k90jhjd1wx3o5,S. Neville,,,,,,,,,,,,,,,,,,,,,,,,,,,,,,,,,,
2499054449,707,1,2,89,35,v046no35g7ebk8lytdjmfb43,0,37.7,16.5,2023-01-21T10:35:25.874Z,2023-01-21T10:35:27Z,3986778637,212,25.7,3986778633,140,62.2,3986778631,56,Right,3986778639,213,6.3,3986778635,141,15.9,,,,,,,,,,abfwfqsv8o9xsnkor896869cl,J. O'Shea,,,,,,,,,,,,,,,,,,,,,,,,,,,,,,,,,,
2499054451,992,49,2,89,38,c33jm806py6adse5wv9wx6ch1,1,37,82.1,2023-01-21T10:35:28.497Z,2023-01-21T10:35:28Z,,,,,,,,,,,,,,,,,,,,,,,,,dnpala3bol8svyc2awng6iv9x,C. Good,,,,,,,,,,,,,,,,,,,,,,,,,,,,,,,,,,
2499054455,993,1,2,89,39,c33jm806py6adse5wv9wx6ch1,1,36.5,82.1,2023-01-21T10:35:29.443Z,2023-01-21T10:35:30Z,3986778657,140,53.4,3986778653,155,,3986778663,213,5.9,3986778661,212,18.9,3986778659,141,72.7,3986778655,56,Center,,,,,,,dnpala3bol8svyc2awng6iv9x,C. Good,,,,,,,,,,,,,,,,,,,,,,,,,,,,,,,,,,
2499054459,994,1,2,89,40,c33jm806py6adse5wv9wx6ch1,1,53.4,72.7,2023-01-21T10:35:30.081Z,2023-01-21T17:16:45Z,3986778681,141,80.0,3986778679,140,57.0,3986778685,213,0.9,3986778677,56,Left,3986778683,212,6.2,,,,,,,,,,7q8urr40blud747zzb3io8w5x,R. van der Venne,,,,,,,,,,,,,,,,,,,,,,,,,,,,,,,,,,
2499332523,768,45,2,89,40,v046no35g7ebk8lytdjmfb43,0,43.2,20.5,2023-01-21T10:35:30.772Z,2023-01-21T17:23:42Z,3988234303,285,,3988234301,56,Back,3988250767,233,1063,,,,,,,,,,,,,,,,dhnssdf1iuorniavvla5zbwx6,K. Trewin,,,,,,,,,,,,,,,,,,,,,,,,,,,,,,,,,,
2499332517,1063,3,2,89,40,c33jm806py6adse5wv9wx6ch1,1,56.8,79.5,2023-01-21T10:35:30.772Z,2023-01-21T17:23:42Z,3988234285,56,Left,3988234287,286,,3988234509,465,,3988250763,233,768,,,,,,,,,,,,,7cdvlgpi8g3e8ttspzvr1k251,M. Leckie,,,,,,,,,,,,,,,,,,,,,,,,,,,,,,,,,,
2499054467,708,45,2,89,41,v046no35g7ebk8lytdjmfb43,0,38.8,19.2,2023-01-21T10:35:31.601Z,2023-01-21T10:35:33Z,3986778701,56,Back,3986778711,233,995,3986778703,285,,,,,,,,,,,,,,,,,abfwfqsv8o9xsnkor896869cl,J. O'Shea,,,,,,,,,,,,,,,,,,,,,,,,,,,,,,,,,,
2499054461,995,3,2,89,41,c33jm806py6adse5wv9wx6ch1,1,61.2,80.8,2023-01-21T10:35:31.601Z,2023-01-21T17:16:49Z,3986778691,286,,3986778705,233,708,3988230525,465,,3986778689,56,Left,,,,,,,,,,,,,7cdvlgpi8g3e8ttspzvr1k251,M. Leckie,,,,,,,,,,,,,,,,,,,,,,,,,,,,,,,,,,
2499054465,996,50,2,89,42,c33jm806py6adse5wv9wx6ch1,1,64.8,78.4,2023-01-21T10:35:32.499Z,2023-01-21T10:35:35Z,3986778699,286,,3986778697,56,Center,3986778733,233,709,,,,,,,,,,,,,,,,7cdvlgpi8g3e8ttspzvr1k251,M. Leckie,,,,,,,,,,,,,,,,,,,,,,,,,,,,,,,,,,
2499054471,709,7,2,89,42,v046no35g7ebk8lytdjmfb43,1,35.2,21.6,2023-01-21T10:35:32.500Z,2023-01-21T17:18:15Z,3986778725,56,Back,3986778729,233,996,3988235065,384,,3986778727,285,,,,,,,,,,,,,,7mgwfxva7w88k90jhjd1wx3o5,S. Neville,,,,,,,,,,,,,,,,,,,,,,,,,,,,,,,,,,
2499054473,710,49,2,89,44,v046no35g7ebk8lytdjmfb43,1,35.8,28.6,2023-01-21T10:35:34.467Z,2023-01-21T10:35:34Z,,,,,,,,,,,,,,,,,,,,,,,,,abfwfqsv8o9xsnkor896869cl,J. O'Shea,,,,,,,,,,,,,,,,,,,,,,,,,,,,,,,,,,
2499054475,711,1,2,89,45,v046no35g7ebk8lytdjmfb43,0,36.4,27.7,2023-01-21T10:35:35.522Z,2023-01-21T10:35:37Z,3986778743,212,14.6,3986778739,140,49.5,3986778741,141,20.4,3986778737,56,Back,3986778745,213,5.9,,,,,,,,,,abfwfqsv8o9xsnkor896869cl,J. O'Shea,,,,,,,,,,,,,,,,,,,,,,,,,,,,,,,,,,
2499054481,997,1,2,89,48,c33jm806py6adse5wv9wx6ch1,1,51.6,83.8,2023-01-21T10:35:38.259Z,2023-01-21T10:35:41Z,3986778759,157,,3986778769,213,5.4,3986778763,140,75.2,3986778771,1,,3986778767,212,40.4,3986778765,141,36.9,3986778761,56,Center,,,,8wbljx8706rh6uyhf8eegl1w5,S. Jamieson,,,,,,,,,,,,,,,,,,,,,,,,,,,,,,,,,,
2499054485,998,44,2,89,51,c33jm806py6adse5wv9wx6ch1,1,76.4,37,2023-01-21T10:35:41.201Z,2023-01-21T10:35:42Z,3986778783,233,712,3986778781,286,,3986778779,56,Center,,,,,,,,,,,,,,,,af7c4t8wp0341io4x0dl02ac5,A. Nabbout,,,,,,,,,,,,,,,,,,,,,,,,,,,,,,,,,,
2499054483,712,44,2,89,51,v046no35g7ebk8lytdjmfb43,0,23.6,63,2023-01-21T10:35:41.202Z,2023-01-21T10:35:42Z,3986778777,285,,3986778789,233,998,3986778775,56,Back,,,,,,,,,,,,,,,,ez47kkcz2wgypddldq97yz2dx,C. Chapman,,,,,,,,,,,,,,,,,,,,,,,,,,,,,,,,,,
2499054487,999,1,2,89,51,c33jm806py6adse5wv9wx6ch1,0,75.7,35.2,2023-01-21T10:35:41.729Z,2023-01-21T10:35:43Z,3986778805,213,1.9,3986778799,140,73.0,3986778801,141,45.8,3986778797,56,Center,3986778795,3,,3986778803,212,7.7,,,,,,,af7c4t8wp0341io4x0dl02ac5,A. Nabbout,,,,,,,,,,,,,,,,,,,,,,,,,,,,,,,,,,
2499054493,713,1,2,89,53,v046no35g7ebk8lytdjmfb43,1,23.8,53,2023-01-21T10:35:43.730Z,2023-01-21T10:35:46Z,3986778839,212,16.6,3986778837,141,46.7,3986778833,56,Back,3986778831,3,,3986778835,140,8.5,3986778841,213,3.4,,,,,,,dhnssdf1iuorniavvla5zbwx6,K. Trewin,,,,,,,,,,,,,,,,,,,,,,,,,,,,,,,,,,
2499054495,714,52,2,89,56,v046no35g7ebk8lytdjmfb43,1,8.3,46.3,2023-01-21T10:35:46.690Z,2023-01-21T17:18:26Z,3988235571,378,,,,,,,,,,,,,,,,,,,,,,,cb0y1hi0ozn1rx00vx6a1xr6x,J. Holmes,,,,,,,,,,,,,,,,,,,,,,,,,,,,,,,,,,
2499054501,715,1,2,89,58,v046no35g7ebk8lytdjmfb43,1,13.9,35.4,2023-01-21T10:35:48.610Z,2023-01-21T10:35:50Z,3986778881,213,5.3,3986778871,123,,3986778875,140,19.7,3986778877,141,21.2,3986778873,56,Back,3986778879,212,11.4,,,,,,,cb0y1hi0ozn1rx00vx6a1xr6x,J. Holmes,,,,,,,,,,,,,,,,,,,,,,,,,,,,,,,,,,
2499054513,717,70,2,90,0,v046no35g7ebk8lytdjmfb43,1,0,0,2023-01-21T10:35:49.961Z,2023-01-21T17:18:31Z,3986778961,277,4,,,,,,,,,,,,,,,,,,,,,,,,,,,,,,,,,,,,,,,,,,,,,,,,,,,,,,,,,
2499054507,716,1,2,90,0,v046no35g7ebk8lytdjmfb43,0,25.4,16.4,2023-01-21T10:35:50.386Z,2023-01-21T10:35:53Z,3986778939,213,0.1,3986778931,56,Center,3986778935,141,28.9,3986778929,155,,3986778937,212,64.7,3986778933,140,86.5,3986778941,1,,,,,c0p9hlssgk28sutlee99c24t1,J. Brindell-South,,,,,,,,,,,,,,,,,,,,,,,,,,,,,,,,,,
2499054509,1000,52,2,90,4,c33jm806py6adse5wv9wx6ch1,1,11,65.8,2023-01-21T10:35:54.240Z,2023-01-21T17:18:36Z,3988236001,376,,,,,,,,,,,,,,,,,,,,,,,77gcx1qotysu9hbi2hw2gjsvd,T. Glover,,,,,,,,,,,,,,,,,,,,,,,,,,,,,,,,,,
2499054517,1001,1,2,90,4,c33jm806py6adse5wv9wx6ch1,1,11,65.8,2023-01-21T10:35:54.449Z,2023-01-21T17:18:38Z,3986778981,56,Back,3986778985,141,39.5,3986778987,212,21.0,3986778983,140,21.4,3988236121,189,,3986778989,213,5.3,3986778979,123,,,,,77gcx1qotysu9hbi2hw2gjsvd,T. Glover,,,,,,,,,,,,,,,,,,,,,,,,,,,,,,,,,,
2499054535,1002,1,2,90,8,c33jm806py6adse5wv9wx6ch1,1,29.3,31.6,2023-01-21T10:35:58.529Z,2023-01-21T17:18:42Z,3986779089,212,25.8,3986779085,140,49.0,3986779087,141,8.9,3986779083,56,Back,3986779091,213,5.6,,,,,,,,,,bdo2grdx1mgm63gii3zar50id,T. Lam,,,,,,,,,,,,,,,,,,,,,,,,,,,,,,,,,,
2499054537,1003,1,2,90,14,c33jm806py6adse5wv9wx6ch1,1,59.2,28.8,2023-01-21T10:36:04.673Z,2023-01-21T10:36:07Z,3986779125,56,Center,3986779131,212,7.0,3986779129,141,38.8,3986779127,140,57.5,3986779133,213,1.8,,,,,,,,,,cqoz8o1pse9uspkqvq3cmges5,S. Galloway,,,,,,,,,,,,,,,,,,,,,,,,,,,,,,,,,,
2499054541,1004,1,2,90,16,c33jm806py6adse5wv9wx6ch1,1,57.5,38.8,2023-01-21T10:36:06.881Z,2023-01-21T10:36:08Z,3986779153,56,Center,3986779157,141,71.1,3986779155,140,62.6,3986779161,213,1.3,3986779159,212,22.6,,,,,,,,,,bcytv86dp6kqrsosu6gck9q7d,A. O'Neill,,,,,,,,,,,,,,,,,,,,,,,,,,,,,,,,,,
2499054543,1005,1,2,90,18,c33jm806py6adse5wv9wx6ch1,1,63.4,71.2,2023-01-21T10:36:08.625Z,2023-01-21T10:36:11Z,3986779171,141,91.1,3986779167,56,Left,3986779175,213,0.8,3986779169,140,75.2,3986779173,212,18.3,,,,,,,,,,5he6zl0hg2jxsb2m624xlum6t,F. Berenguer-Bohrer,,,,,,,,,,,,,,,,,,,,,,,,,,,,,,,,,,
2499054547,1006,1,2,90,21,c33jm806py6adse5wv9wx6ch1,0,77.3,81.7,2023-01-21T10:36:11.217Z,2023-01-21T10:36:14Z,3986779187,141,68.4,3986779191,213,4.7,3986779183,56,Center,3986779189,212,9.1,3986779185,140,76.8,,,,,,,,,,7cdvlgpi8g3e8ttspzvr1k251,M. Leckie,,,,,,,,,,,,,,,,,,,,,,,,,,,,,,,,,,
2499054551,718,49,2,90,23,v046no35g7ebk8lytdjmfb43,1,21.4,26.8,2023-01-21T10:36:13.074Z,2023-01-21T10:36:13Z,,,,,,,,,,,,,,,,,,,,,,,,,dhnssdf1iuorniavvla5zbwx6,K. Trewin,,,,,,,,,,,,,,,,,,,,,,,,,,,,,,,,,,
2499054557,719,1,2,90,23,v046no35g7ebk8lytdjmfb43,0,21.4,26.8,2023-01-21T10:36:13.283Z,2023-01-21T10:36:17Z,3986779215,212,57.7,3986779219,1,,3986779207,157,,3986779211,140,75.2,3986779213,141,9.7,3986779209,56,Right,3986779217,213,6.1,,,,dhnssdf1iuorniavvla5zbwx6,K. Trewin,,,,,,,,,,,,,,,,,,,,,,,,,,,,,,,,,,
2499054555,1007,49,2,90,27,c33jm806py6adse5wv9wx6ch1,1,21.9,93.8,2023-01-21T10:36:17.362Z,2023-01-21T10:36:20Z,,,,,,,,,,,,,,,,,,,,,,,,,77gcx1qotysu9hbi2hw2gjsvd,T. Glover,,,,,,,,,,,,,,,,,,,,,,,,,,,,,,,,,,
2499054567,1008,1,2,90,28,c33jm806py6adse5wv9wx6ch1,1,22.6,93.5,2023-01-21T10:36:18.145Z,2023-01-21T10:36:19Z,3986779255,213,0.0,3986779251,141,93.6,3986779253,212,4.4,3986779247,56,Back,3986779249,140,26.8,,,,,,,,,,77gcx1qotysu9hbi2hw2gjsvd,T. Glover,,,,,,,,,,,,,,,,,,,,,,,,,,,,,,,,,,
2499054577,1009,1,2,90,30,c33jm806py6adse5wv9wx6ch1,1,26.8,93.6,2023-01-21T10:36:20.930Z,2023-01-21T10:36:24Z,3986779315,213,0.1,3986779311,141,96.5,3986779307,56,Back,3986779313,212,24.0,3986779309,140,49.6,,,,,,,,,,dnpala3bol8svyc2awng6iv9x,C. Good,,,,,,,,,,,,,,,,,,,,,,,,,,,,,,,,,,
2499054581,1010,1,2,90,33,c33jm806py6adse5wv9wx6ch1,1,48.7,96.9,2023-01-21T10:36:23.953Z,2023-01-21T10:36:24Z,3986779331,212,12.3,3986779325,56,Left,3986779329,141,94.4,3986779327,140,60.3,3986779333,213,6.1,,,,,,,,,,5he6zl0hg2jxsb2m624xlum6t,F. Berenguer-Bohrer,,,,,,,,,,,,,,,,,,,,,,,,,,,,,,,,,,
2499054585,1011,1,2,90,34,c33jm806py6adse5wv9wx6ch1,1,60.3,94.4,2023-01-21T10:36:24.752Z,2023-01-21T10:36:25Z,3986779341,141,89.4,3986779345,213,5.1,3986779337,56,Left,3986779343,212,3.6,3986779339,140,61.5,,,,,,,,,,7cdvlgpi8g3e8ttspzvr1k251,M. Leckie,,,,,,,,,,,,,,,,,,,,,,,,,,,,,,,,,,
2499054589,1012,1,2,90,35,c33jm806py6adse5wv9wx6ch1,0,61.5,89.4,2023-01-21T10:36:25.776Z,2023-01-21T10:36:30Z,3986779379,236,,3986779355,212,1.6,3986779351,140,62.5,3986779385,286,,3986779353,141,91.1,3986779381,233,721,3986779357,213,0.8,3986779349,56,Left,8wbljx8706rh6uyhf8eegl1w5,S. Jamieson,,,,,,,,,,,,,,,,,,,,,,,,,,,,,,,,,,
2499054597,721,74,2,90,35,v046no35g7ebk8lytdjmfb43,1,37.6,19.8,2023-01-21T10:36:25.777Z,2023-01-21T10:45:44Z,3986779375,56,Back,3986779391,233,1012,3986779377,285,,,,,,,,,,,,,,,,,7mgwfxva7w88k90jhjd1wx3o5,S. Neville,,,,,,,,,,,,,,,,,,,,,,,,,,,,,,,,,,
2499054605,722,49,2,90,38,v046no35g7ebk8lytdjmfb43,1,33.2,25.3,2023-01-21T10:36:28.604Z,2023-01-21T10:36:49Z,,,,,,,,,,,,,,,,,,,,,,,,,1hcnrw2udxcdff6bre73sv1pm,H. Hore,,,,,,,,,,,,,,,,,,,,,,,,,,,,,,,,,,
2499054607,723,1,2,90,39,v046no35g7ebk8lytdjmfb43,0,36.5,18.6,2023-01-21T10:36:29.825Z,2023-01-21T10:37:23Z,3986779411,141,20.2,3986779415,213,1.6,3986779423,286,,3986779409,140,36.5,3986779417,236,,3986779413,212,1.1,3986779419,233,1013,3986779407,56,Back,1hcnrw2udxcdff6bre73sv1pm,H. Hore,,,,,,,,,,,,,,,,,,,,,,,,,,,,,,,,,,
2499054595,1013,74,2,90,39,c33jm806py6adse5wv9wx6ch1,1,63,93.2,2023-01-21T10:36:29.826Z,2023-01-21T10:45:44Z,3986779373,285,,3986779431,233,723,3986779371,56,Left,,,,,,,,,,,,,,,,7cdvlgpi8g3e8ttspzvr1k251,M. Leckie,,,,,,,,,,,,,,,,,,,,,,,,,,,,,,,,,,
2499054599,1014,49,2,90,40,c33jm806py6adse5wv9wx6ch1,1,66.1,91.7,2023-01-21T10:36:30.178Z,2023-01-21T10:37:45Z,,,,,,,,,,,,,,,,,,,,,,,,,7cdvlgpi8g3e8ttspzvr1k251,M. Leckie,,,,,,,,,,,,,,,,,,,,,,,,,,,,,,,,,,
2499054617,1015,1,2,90,44,c33jm806py6adse5wv9wx6ch1,1,77.9,93.9,2023-01-21T10:36:34.096Z,2023-01-21T10:36:37Z,3986779463,56,Left,3986779471,213,3.0,3986779467,141,95.3,3986779465,140,71.2,3986779469,212,7.1,,,,,,,,,,7cdvlgpi8g3e8ttspzvr1k251,M. Leckie,,,,,,,,,,,,,,,,,,,,,,,,,,,,,,,,,,
2499054625,1016,1,2,90,47,c33jm806py6adse5wv9wx6ch1,1,70.4,95.4,2023-01-21T10:36:37.024Z,2023-01-21T10:36:41Z,3986779499,213,0.1,3986779497,212,7.2,3986779493,140,77.2,3986779491,56,Left,3986779495,141,96.9,,,,,,,,,,5he6zl0hg2jxsb2m624xlum6t,F. Berenguer-Bohrer,,,,,,,,,,,,,,,,,,,,,,,,,,,,,,,,,,
2499054635,1017,1,2,90,51,c33jm806py6adse5wv9wx6ch1,1,71.9,94.2,2023-01-21T10:36:41.137Z,2023-01-21T10:36:44Z,3986779555,213,3.9,3986779551,141,70.8,3986779553,212,22.8,3986779547,56,Center,3986779549,140,56.4,,,,,,,,,,7cdvlgpi8g3e8ttspzvr1k251,M. Leckie,,,,,,,,,,,,,,,,,,,,,,,,,,,,,,,,,,
2499054643,1018,1,2,90,54,c33jm806py6adse5wv9wx6ch1,1,58.1,68.4,2023-01-21T10:36:44.593Z,2023-01-21T10:36:48Z,3986779581,56,Center,3986779585,141,22.5,3986779591,1,,3986779589,213,5.0,3986779587,212,32.6,3986779583,140,67.1,,,,,,,dnpala3bol8svyc2awng6iv9x,C. Good,,,,,,,,,,,,,,,,,,,,,,,,,,,,,,,,,,
2499054645,1019,1,2,90,58,c33jm806py6adse5wv9wx6ch1,1,70.4,23.9,2023-01-21T10:36:47.985Z,2023-01-21T10:36:48Z,3986779595,56,Center,3986779603,213,1.1,3986779601,212,4.9,3986779599,141,30.3,3986779597,140,72.5,,,,,,,,,,cqoz8o1pse9uspkqvq3cmges5,S. Galloway,,,,,,,,,,,,,,,,,,,,,,,,,,,,,,,,,,
2499054647,1020,1,2,90,58,c33jm806py6adse5wv9wx6ch1,0,72.5,30.3,2023-01-21T10:36:48.417Z,2023-01-21T10:36:51Z,3986779609,140,72.8,3986779613,212,7.4,3986779611,141,19.5,3986779607,56,Right,3986779615,213,4.8,,,,,,,,,,7q8urr40blud747zzb3io8w5x,R. van der Venne,,,,,,,,,,,,,,,,,,,,,,,,,,,,,,,,,,
2499054653,724,8,2,91,1,v046no35g7ebk8lytdjmfb43,1,31.1,84.5,2023-01-21T10:36:51.793Z,2023-01-21T17:19:20Z,3986779631,56,Back,3988238391,384,,,,,,,,,,,,,,,,,,,,5h2xmb0gkhtlaeo6p5e3ejo4,A. Majok,,,,,,,,,,,,,,,,,,,,,,,,,,,,,,,,,,
2499054655,725,49,2,91,3,v046no35g7ebk8lytdjmfb43,1,21.7,82.3,2023-01-21T10:36:52.995Z,2023-01-21T10:36:53Z,,,,,,,,,,,,,,,,,,,,,,,,,bhl2kwvi52osrdsdnbtw45lyi,J. Courtney-Perkins,,,,,,,,,,,,,,,,,,,,,,,,,,,,,,,,,,
2499054659,726,1,2,91,3,v046no35g7ebk8lytdjmfb43,1,21.7,82.3,2023-01-21T10:36:53.251Z,2023-01-21T10:36:54Z,3986779643,212,22.3,3986779639,140,42.0,3986779637,56,Back,3986779635,155,,3986779645,213,6.0,3986779641,141,72.6,,,,,,,bhl2kwvi52osrdsdnbtw45lyi,J. Courtney-Perkins,,,,,,,,,,,,,,,,,,,,,,,,,,,,,,,,,,
2499054665,727,1,2,91,4,v046no35g7ebk8lytdjmfb43,1,42.9,72.6,2023-01-21T10:36:54.161Z,2023-01-21T10:36:59Z,3986779675,213,1.4,3986779667,56,Back,3986779671,141,92.6,3986779673,212,13.9,3986779665,3,,3986779669,140,45.5,,,,,,,cl816ciqmvh4bjzm9vjq4wyga,Rahmat Akbari,,,,,,,,,,,,,,,,,,,,,,,,,,,,,,,,,,
2499054667,728,4,2,91,8,v046no35g7ebk8lytdjmfb43,1,63.4,94.9,2023-01-21T10:36:58.385Z,2023-01-21T17:19:45Z,3986780333,233,1021,3986779685,152,,3986779687,286,,3988239687,294,,3986779683,56,Left,3986779679,13,,,,,,,,5h2xmb0gkhtlaeo6p5e3ejo4,A. Majok,,,,,,,,,,,,,,,,,,,,,,,,,,,,,,,,,,
2499054669,1021,4,2,91,8,c33jm806py6adse5wv9wx6ch1,0,36.6,5.1,2023-01-21T10:36:58.386Z,2023-01-21T17:19:43Z,3986779695,152,,3988239607,294,,3986780341,233,728,3986779689,13,,3986779693,56,Back,3986780331,285,,,,,,,,7q8urr40blud747zzb3io8w5x,R. van der Venne,,,,,,,,,,,,,,,,,,,,,,,,,,,,,,,,,,
2499054679,1022,17,2,91,13,c33jm806py6adse5wv9wx6ch1,1,0,0,2023-01-21T10:37:03.457Z,2023-01-21T10:37:05Z,3986779733,13,243,3986779729,31,,3986779731,393,,,,,,,,,,,,,,,,,7q8urr40blud747zzb3io8w5x,R. van der Venne,,,,,,,,,,,,,,,,,,,,,,,,,,,,,,,,,,
2499054769,729,1,2,91,50,v046no35g7ebk8lytdjmfb43,1,61.3,93.5,2023-01-21T10:37:40.274Z,2023-01-21T17:20:05Z,3986780145,1,,3986780141,212,53.3,3986780139,141,39.2,3986780143,213,5.5,3986780127,2,,3988240311,20,,3986780131,155,,3988240309,223,,abfwfqsv8o9xsnkor896869cl,J. O'Shea,,3986780135,56,Center,3986780129,5,3986780137,140,97.9,3986780133,152,,,,,,,,,,,,,,,,,,,,,,,
2499054771,730,50,2,91,53,v046no35g7ebk8lytdjmfb43,1,97.9,40.8,2023-01-21T10:37:43.783Z,2023-01-21T10:45:44Z,3986780153,286,,3986780171,233,1028,3986780151,56,Center,,,,,,,,,,,,,,,,7mgwfxva7w88k90jhjd1wx3o5,S. Neville,,,,,,,,,,,,,,,,,,,,,,,,,,,,,,,,,,
2499054837,1028,7,2,91,53,c33jm806py6adse5wv9wx6ch1,0,2.1,59.2,2023-01-21T10:37:43.784Z,2023-01-21T17:20:13Z,3986780541,56,Back,3986780601,233,730,3988240523,385,,3986780543,285,,,,,,,,,,,,,,af7c4t8wp0341io4x0dl02ac5,A. Nabbout,,,,,,,,,,,,,,,,,,,,,,,,,,,,,,,,,,
2499054843,732,3,2,91,54,v046no35g7ebk8lytdjmfb43,0,97.9,40.8,2023-01-21T10:37:44.783Z,2023-01-21T17:20:15Z,3986784359,286,,3986784389,233,1024,3986780577,56,Center,3988240645,464,,,,,,,,,,,,,,7mgwfxva7w88k90jhjd1wx3o5,S. Neville,,,,,,,,,,,,,,,,,,,,,,,,,,,,,,,,,,
2499054761,1024,7,2,91,54,c33jm806py6adse5wv9wx6ch1,1,2.1,59.2,2023-01-21T10:37:44.784Z,2023-01-21T17:20:16Z,3986780117,285,,3988240721,384,,3986780159,233,732,3986780115,56,Back,,,,,,,,,,,,,7q8urr40blud747zzb3io8w5x,R. van der Venne,,,,,,,,,,,,,,,,,,,,,,,,,,,,,,,,,,
2499054763,1025,49,2,91,56,c33jm806py6adse5wv9wx6ch1,1,5.2,69.4,2023-01-21T10:37:46.145Z,2023-01-21T10:37:46Z,,,,,,,,,,,,,,,,,,,,,,,,,7cdvlgpi8g3e8ttspzvr1k251,M. Leckie,,,,,,,,,,,,,,,,,,,,,,,,,,,,,,,,,,
2499054781,1026,1,2,91,57,c33jm806py6adse5wv9wx6ch1,0,5,87.2,2023-01-21T10:37:47.536Z,2023-01-21T10:37:52Z,3986780219,213,0.1,3986780211,56,Back,3986780215,141,94.2,3986780221,1,,3986780217,212,41.7,3986780213,140,44.5,,,,,,,7cdvlgpi8g3e8ttspzvr1k251,M. Leckie,,,,,,,,,,,,,,,,,,,,,,,,,,,,,,,,,,
2499054799,731,4,2,92,3,v046no35g7ebk8lytdjmfb43,1,56.6,6.4,2023-01-21T10:37:53.633Z,2023-01-21T10:37:56Z,3986780307,265,,3986780303,152,,3986780345,233,1027,3986780311,286,,3986780293,13,,3986780299,56,Right,,,,,,,dhnssdf1iuorniavvla5zbwx6,K. Trewin,,,,,,,,,,,,,,,,,,,,,,,,,,,,,,,,,,
2499054803,1027,4,2,92,3,c33jm806py6adse5wv9wx6ch1,0,43.4,93.6,2023-01-21T10:37:53.634Z,2023-01-21T10:37:57Z,3986780323,152,,3986780327,285,,3986780325,265,,3986780321,56,Back,3986780365,233,731,3986780319,13,,,,,,,,bcytv86dp6kqrsosu6gck9q7d,A. O'Neill,,,,,,,,,,,,,,,,,,,,,,,,,,,,,,,,,,
2499054861,733,1,2,92,45,v046no35g7ebk8lytdjmfb43,0,56.1,5.2,2023-01-21T10:38:35.889Z,2023-01-21T17:21:01Z,3986780699,140,84.2,3988242719,20,,3986780705,213,1.0,3986780701,141,73.5,3986780697,56,Center,3986780689,2,,3986780693,155,,3986780691,5,,abfwfqsv8o9xsnkor896869cl,J. O'Shea,,3988242717,224,,3986780695,152,3986780703,212,55.0,3986780707,1,,,,,,,,,,,,,,,,,,,,,,,
2499054869,1029,44,2,92,49,c33jm806py6adse5wv9wx6ch1,1,12.5,27,2023-01-21T10:38:39.616Z,2023-01-21T10:39:13Z,3986780743,233,734,3986780739,56,Back,3986780741,285,,,,,,,,,,,,,,,,,7cdvlgpi8g3e8ttspzvr1k251,M. Leckie,,,,,,,,,,,,,,,,,,,,,,,,,,,,,,,,,,
2499054863,734,44,2,92,49,v046no35g7ebk8lytdjmfb43,0,87.5,73,2023-01-21T10:38:39.617Z,2023-01-21T10:38:41Z,3986780711,56,Center,3986780753,233,1029,3986780713,286,,,,,,,,,,,,,,,,,7mgwfxva7w88k90jhjd1wx3o5,S. Neville,,,,,,,,,,,,,,,,,,,,,,,,,,,,,,,,,,
2499054871,1030,12,2,92,49,c33jm806py6adse5wv9wx6ch1,1,9.2,27.6,2023-01-21T10:38:39.833Z,2023-01-21T17:23:47Z,3986780759,141,7.6,3986780761,212,22.3,3986780765,15,,3986780755,56,Back,3986780757,140,26.0,3986780763,213,5.6,,,,,,,7cdvlgpi8g3e8ttspzvr1k251,M. Leckie,,,,,,,,,,,,,,,,,,,,,,,,,,,,,,,,,,
2499054873,1031,49,2,92,52,c33jm806py6adse5wv9wx6ch1,1,26,7.6,2023-01-21T10:38:42.320Z,2023-01-21T10:38:42Z,,,,,,,,,,,,,,,,,,,,,,,,,af7c4t8wp0341io4x0dl02ac5,A. Nabbout,,,,,,,,,,,,,,,,,,,,,,,,,,,,,,,,,,
2499334387,769,45,2,92,54,v046no35g7ebk8lytdjmfb43,0,62.2,91.1,2023-01-21T10:38:44.452Z,2023-01-21T17:23:43Z,3988243959,285,,3988250787,233,1064,3988243957,56,Left,,,,,,,,,,,,,,,,7mgwfxva7w88k90jhjd1wx3o5,S. Neville,,,,,,,,,,,,,,,,,,,,,,,,,,,,,,,,,,
2499334383,1064,3,2,92,54,c33jm806py6adse5wv9wx6ch1,1,37.8,8.9,2023-01-21T10:38:44.452Z,2023-01-21T17:23:42Z,3988244105,465,,3988243945,56,Back,3988243947,286,,3988250777,233,769,,,,,,,,,,,,,af7c4t8wp0341io4x0dl02ac5,A. Nabbout,,,,,,,,,,,,,,,,,,,,,,,,,,,,,,,,,,
2499054891,1032,1,2,92,56,c33jm806py6adse5wv9wx6ch1,1,55.4,26.8,2023-01-21T10:38:46.832Z,2023-01-21T17:21:47Z,3986780857,212,31.4,3986781717,154,,3986780853,140,85.2,3986780859,213,0.1,3986780851,56,Center,3986780855,141,30.1,3986781715,210,15,,,,af7c4t8wp0341io4x0dl02ac5,A. Nabbout,1,,,,,,,,,,,,,,,,,,,,,,,,,,,,,,,,,
2499054893,1033,15,2,92,59,c33jm806py6adse5wv9wx6ch1,1,84.6,30.3,2023-01-21T10:38:49.552Z,2023-01-21T17:21:47Z,3986781757,231,41.7,3986781753,147,32.5,3986781737,154,,3986781735,29,,3986781755,230,94.0,3986781739,55,1032,3986781591,20,,3986781589,23,,31v9w4cyk1fxlig452kuc65ed,J. Maclaren,,3986781775,233,735,3986781749,328,3986781731,78,,3986781751,146,86.4,3986781747,103,3986781595,82,,3986780871,56,3986780869,63,,,19,Center,3986781745,102,48.8,,,,,,
2499054897,735,10,2,92,59,v046no35g7ebk8lytdjmfb43,1,11,66.6,2023-01-21T10:38:49.652Z,2023-01-21T10:39:37Z,3986780893,56,Back,3986781605,233,1033,3986780891,94,,,,,,,,,,,,,,,,,c0p9hlssgk28sutlee99c24t1,J. Brindell-South,,,,,,,,,,,,,,,,,,,,,,,,,,,,,,,,,,
2499334933,770,12,2,93,1,v046no35g7ebk8lytdjmfb43,1,7.6,64.5,2023-01-21T10:38:51.796Z,2023-01-21T17:22:24Z,3988246861,212,3.4,3988246855,140,6.6,3988246865,213,1.9,3988246857,141,69.2,3988246853,56,Back,,,,,,,,,,c0p9hlssgk28sutlee99c24t1,J. Brindell-South,,,,,,,,,,,,,,,,,,,,,,,,,,,,,,,,,,
2499054909,1034,15,2,93,2,c33jm806py6adse5wv9wx6ch1,1,95.2,34.2,2023-01-21T10:38:52.880Z,2023-01-21T17:22:25Z,3986781883,102,52.8,3986782343,23,,3986781887,458,,3986786193,233,751,3986782317,62,,3986781853,20,,3986781885,103,3.8,3986784935,76,,31v9w4cyk1fxlig452kuc65ed,J. Maclaren,,3986780947,56,Center,3986781889,146,3986781891,147,40.4,3986782319,214,,,,,,,,,,,,97.2,,,,,,,,,,,
2499055789,751,10,2,93,3,v046no35g7ebk8lytdjmfb43,1,2.9,60,2023-01-21T10:38:52.980Z,2023-01-21T17:22:31Z,3986786177,389,,3986786223,173,,3986786179,183,,3988247229,376,,3986786225,233,1034,3986786181,56,Back,,,,,,,cb0y1hi0ozn1rx00vx6a1xr6x,J. Holmes,,,,,,,,,,,,,,,,,,,,,,,,,,,,,,,,,,
2499054921,736,49,2,93,12,v046no35g7ebk8lytdjmfb43,1,3.7,1.4,2023-01-21T10:39:02.834Z,2023-01-21T10:40:10Z,3986781967,189,,,,,,,,,,,,,,,,,,,,,,,abfwfqsv8o9xsnkor896869cl,J. O'Shea,,,,,,,,,,,,,,,,,,,,,,,,,,,,,,,,,,
2499054927,737,1,2,93,13,v046no35g7ebk8lytdjmfb43,1,3.7,1.4,2023-01-21T10:39:03.137Z,2023-01-21T10:39:08Z,3986781059,141,17.3,3986781061,212,10.8,3986781055,56,Back,3986781057,140,4.1,3986781063,213,1.5,,,,,,,,,,abfwfqsv8o9xsnkor896869cl,J. O'Shea,,,,,,,,,,,,,,,,,,,,,,,,,,,,,,,,,,
2499054935,738,1,2,93,18,v046no35g7ebk8lytdjmfb43,1,25.5,14.6,2023-01-21T10:39:07.968Z,2023-01-21T10:39:13Z,3986781105,140,38.7,3986781109,212,15.2,3986781103,56,Back,3986781107,141,5.3,3986781111,213,5.9,,,,,,,,,,1hcnrw2udxcdff6bre73sv1pm,H. Hore,,,,,,,,,,,,,,,,,,,,,,,,,,,,,,,,,,
2499054939,739,1,2,93,23,v046no35g7ebk8lytdjmfb43,1,40.8,35.1,2023-01-21T10:39:13.793Z,2023-01-21T10:39:15Z,3986781149,212,10.5,3986781147,141,47.9,3986781143,56,Back,3986781151,213,2.2,3986781145,140,35.2,,,,,,,,,,cl816ciqmvh4bjzm9vjq4wyga,Rahmat Akbari,,,,,,,,,,,,,,,,,,,,,,,,,,,,,,,,,,
2499054961,740,1,2,93,25,v046no35g7ebk8lytdjmfb43,1,37.7,43.6,2023-01-21T10:39:15.667Z,2023-01-21T10:39:23Z,3986781269,56,Right,3986781267,155,,3986781271,140,79.8,3986781275,212,50.8,3986781277,213,5.8,3986781273,141,6.8,3986781279,1,,,,,7mgwfxva7w88k90jhjd1wx3o5,S. Neville,,,,,,,,,,,,,,,,,,,,,,,,,,,,,,,,,,
2499054963,741,3,2,93,32,v046no35g7ebk8lytdjmfb43,0,86.8,10.6,2023-01-21T10:39:22.960Z,2023-01-21T17:23:41Z,3986781287,56,Right,3986781289,286,,3988249023,464,,3988250723,233,1047,,,,,,,,,,,,,5h2xmb0gkhtlaeo6p5e3ejo4,A. Majok,,,,,,,,,,,,,,,,,,,,,,,,,,,,,,,,,,
2499055097,1047,7,2,93,33,c33jm806py6adse5wv9wx6ch1,1,13.2,89.4,2023-01-21T10:39:22.961Z,2023-01-21T17:23:11Z,3986782067,56,Back,3986782071,233,741,3986782069,285,,3988249105,384,,,,,,,,,,,,,,bdo2grdx1mgm63gii3zar50id,T. Lam,,,,,,,,,,,,,,,,,,,,,,,,,,,,,,,,,,
2499054977,1035,49,2,93,36,c33jm806py6adse5wv9wx6ch1,1,2.5,79.4,2023-01-21T10:39:26.258Z,2023-01-21T10:40:34Z,,,,,,,,,,,,,,,,,,,,,,,,,8wbljx8706rh6uyhf8eegl1w5,S. Jamieson,,,,,,,,,,,,,,,,,,,,,,,,,,,,,,,,,,
2499054983,1036,1,2,93,36,c33jm806py6adse5wv9wx6ch1,1,2.5,79.4,2023-01-21T10:39:26.415Z,2023-01-21T10:39:27Z,3986781413,141,93.6,3986781409,56,Back,3986781417,213,0.6,3986781415,212,16.3,3986781411,140,15.0,,,,,,,,,,8wbljx8706rh6uyhf8eegl1w5,S. Jamieson,,,,,,,,,,,,,,,,,,,,,,,,,,,,,,,,,,
2499054995,1037,1,2,93,37,c33jm806py6adse5wv9wx6ch1,1,17.5,93,2023-01-21T10:39:27.679Z,2023-01-21T10:39:30Z,3986781481,56,Back,3986781485,141,92.0,3986781489,213,6.2,3986781487,212,12.1,3986781483,140,29.0,,,,,,,,,,bdo2grdx1mgm63gii3zar50id,T. Lam,,,,,,,,,,,,,,,,,,,,,,,,,,,,,,,,,,
2499055005,1038,1,2,93,40,c33jm806py6adse5wv9wx6ch1,1,24.8,90.6,2023-01-21T10:39:30.367Z,2023-01-21T10:39:33Z,3986781537,212,21.4,3986781533,140,5.8,3986781531,56,Back,3986781539,213,3.5,3986781535,141,79.3,,,,,,,,,,5he6zl0hg2jxsb2m624xlum6t,F. Berenguer-Bohrer,,,,,,,,,,,,,,,,,,,,,,,,,,,,,,,,,,
2499055015,1039,1,2,93,43,c33jm806py6adse5wv9wx6ch1,1,5.8,79.3,2023-01-21T10:39:33.407Z,2023-01-21T10:39:38Z,3986781627,212,30.5,3986781623,140,12.9,3986781621,56,Back,3986781629,213,5.0,3986781625,141,35.8,,,,,,,,,,8wbljx8706rh6uyhf8eegl1w5,S. Jamieson,,,,,,,,,,,,,,,,,,,,,,,,,,,,,,,,,,
2499055023,1040,1,2,93,48,c33jm806py6adse5wv9wx6ch1,1,24.1,25,2023-01-21T10:39:38.016Z,2023-01-21T10:39:42Z,3986781645,141,25.9,3986781641,56,Back,3986781643,140,31.3,3986781647,212,7.6,3986781649,213,0.1,,,,,,,,,,cqoz8o1pse9uspkqvq3cmges5,S. Galloway,,,,,,,,,,,,,,,,,,,,,,,,,,,,,,,,,,
2499055037,1041,1,2,93,53,c33jm806py6adse5wv9wx6ch1,1,42.9,36.9,2023-01-21T10:39:43.104Z,2023-01-21T10:39:50Z,3986781721,140,54.6,3986781725,212,20.2,3986781719,56,Right,3986781727,213,5.4,3986781723,141,13.4,,,,,,,,,,7cdvlgpi8g3e8ttspzvr1k251,M. Leckie,,,,,,,,,,,,,,,,,,,,,,,,,,,,,,,,,,
2499055039,1042,1,2,93,59,c33jm806py6adse5wv9wx6ch1,1,75.2,28.2,2023-01-21T10:39:49.887Z,2023-01-21T10:40:08Z,3986781761,140,93.3,3986781759,56,Right,3986781765,212,20.2,3986781767,213,5.9,3986781763,141,18.2,,,,,,,,,,cqoz8o1pse9uspkqvq3cmges5,S. Galloway,,,,,,,,,,,,,,,,,,,,,,,,,,,,,,,,,,
2499055049,1043,1,2,94,2,c33jm806py6adse5wv9wx6ch1,0,93.3,18.2,2023-01-21T10:39:51.983Z,2023-01-21T17:23:29Z,3986781811,212,1.3,3988250145,20,,3986781801,2,,3986781805,56,Right,3986781807,140,93.6,3986781803,155,,3986781809,141,20.1,3988250143,224,,af7c4t8wp0341io4x0dl02ac5,A. Nabbout,,3986781813,213,1.3,,,,,,,,,,,,,,,,,,,,,,,,,,,,,,
2499055047,742,61,2,94,3,v046no35g7ebk8lytdjmfb43,1,7,81.8,2023-01-21T10:39:53.104Z,2023-01-21T17:23:33Z,3986781799,56,Back,,,,,,,,,,,,,,,,,,,,,,ez47kkcz2wgypddldq97yz2dx,C. Chapman,,,,,,,,,,,,,,,,,,,,,,,,,,,,,,,,,,
2499055057,743,52,2,94,7,v046no35g7ebk8lytdjmfb43,1,2.7,54.5,2023-01-21T10:39:57.024Z,2023-01-21T17:23:36Z,3988250479,376,,,,,,,,,,,,,,,,,,,,,,,cb0y1hi0ozn1rx00vx6a1xr6x,J. Holmes,,,,,,,,,,,,,,,,,,,,,,,,,,,,,,,,,,
2499055065,744,30,2,94,8,v046no35g7ebk8lytdjmfb43,1,0,0,2023-01-21T10:39:58.136Z,2023-01-21T10:59:21Z,3986781917,209,,3986781915,57,0,,,,,,,,,,,,,,,,,,,,,,,,,,,,,,,,,,,,,,,,,,,,,,,,,,,,,,
2499055067,1044,30,2,94,8,c33jm806py6adse5wv9wx6ch1,1,0,0,2023-01-21T10:39:58.136Z,2023-01-21T10:40:06Z,3986781921,209,,3986781919,57,0,,,,,,,,,,,,,,,,,,,,,,,,,,,,,,,,,,,,,,,,,,,,,,,,,,,,,,
2499055079,745,30,14,0,0,v046no35g7ebk8lytdjmfb43,1,0,0,2023-01-21T10:40:12.474Z,2023-01-21T10:40:12Z,3986781983,57,1,3986781985,209,,,,,,,,,,,,,,,,,,,,,,,,,,,,,,,,,,,,,,,,,,,,,,,,,,,,,,,
2499055081,746,37,14,0,0,v046no35g7ebk8lytdjmfb43,1,0,0,2023-01-21T10:40:12.501Z,2023-01-21T17:25:58Z,3988256847,229,,3986788643,302,,,,,,,,,,,,,,,,,,,,,,,,,,,,,,,,,,,,,,,,,,,,,,,,,,,,,,,
2499055083,1045,30,14,0,0,c33jm806py6adse5wv9wx6ch1,1,0,0,2023-01-21T10:40:13.962Z,2023-01-21T10:40:14Z,3986781997,57,1,3986781999,209,,,,,,,,,,,,,,,,,,,,,,,,,,,,,,,,,,,,,,,,,,,,,,,,,,,,,,,
2499055085,1046,37,14,0,0,c33jm806py6adse5wv9wx6ch1,1,0,0,2023-01-21T10:40:13.994Z,2023-01-21T17:25:59Z,3986786921,302,,3988256851,229,,,,,,,,,,,,,,,,,,,,,,,,,,,,,,,,,,,,,,,,,,,,,,,,,,,,,,,
